[Tangents] 0 0
0 -98.0204706713552
0.00404146111907659 -98.0199523263342
0.00808292223815318 -98.0163239694706
0.0121243833572298 -98.0064760862917
0.0161658444763064 -97.9873007843897
0.0202073055953829 -97.9556936595119
0.0242487667144595 -97.9085563940832
0.0282902278335361 -97.8428000674768
0.0323316889526127 -97.7553496619031
0.0363731500716893 -97.6438340132196
0.0404146111907659 -97.5079380242347
0.0444560723098425 -97.3477368495929
0.0484975334289191 -97.1633180793295
0.0525389945479956 -96.9547812005429
0.0565804556670722 -96.7222369843206
0.0606219167861488 -96.4658068008261
0.0646633779052254 -96.1856218656768
0.068704839024302 -95.8818224209051
0.0727463001433786 -95.5545568539033
0.0767877612624552 -95.2039807577932
0.0808292223815318 -94.8302559366392
0.0848706835006083 -94.4335493588354
0.0889121446196849 -94.0140320618366
0.0929536057387615 -93.571878011178
0.0969950668578381 -93.1072629164265
0.101036527976915 -92.6203630063383
0.105077989095991 -92.1113537650534
0.109119450215068 -91.5804086306366
0.113160911334144 -91.0276976566845
0.117202372453221 -90.453386137035
0.121243833572298 -89.8576331928605
0.125285294691374 -89.2405903205697
0.129326755810451 -88.6024311246606
0.133368216929527 -87.9445281618272
0.137409678048604 -87.2697928176641
0.141451139167681 -86.5811927508967
0.145492600286757 -85.8816476297305
0.149534061405834 -85.1740315548216
0.15357552252491 -84.4611763034445
0.157616983643987 -83.745875262029
0.161658444763064 -83.030887913768
0.16569990588214 -82.3189447488266
0.169741367001217 -81.6127524664191
0.173782828120293 -80.914999340346
0.17782428923937 -80.2283606223366
0.181865750358446 -79.5555038606477
0.185907211477523 -78.8990940149059
0.1899486725966 -78.2617982523405
0.193990133715676 -77.6461885245285
0.198031594834753 -77.0533253366466
0.202073055953829 -76.4831147264003
0.206114517072906 -75.9354511747093
0.210155978191983 -75.4102462434354
0.214197439311059 -74.9074270960836
0.218238900430136 -74.4269350806538
0.222280361549212 -73.9687243700937
0.226321822668289 -73.5327606567668
0.230363283787366 -73.1190198982437
0.234404744906442 -72.7274871125422
0.238446206025519 -72.3581552216887
0.242487667144595 -72.01102394316
0.246529128263672 -71.6860987293731
0.250570589382749 -71.3833897559378
0.254612050501825 -71.1029109598618
0.258653511620902 -70.844679129303
0.262694972739978 -70.6087130467933
0.266736433859055 -70.3950326881184
0.270777894978131 -70.2036584792216
0.274819356097208 -70.0346106136074
0.278860817216285 -69.8879084327603
0.282902278335361 -69.7635698720531
0.286943739454438 -69.6616109745223
0.290985200573514 -69.5817007419915
0.295026661692591 -69.521640531758
0.299068122811668 -69.4786004677277
0.303109583930744 -69.4497471737638
0.307151045049821 -69.4322451053321
0.311192506168897 -69.4232572944804
0.315233967287974 -69.4199459508036
0.31927542840705 -69.4194728997297
