[Tangents] +0 +0
 +0 +0
 +0.010101 +0.49545
 +0.020202 +0.99091
 +0.030303 +1.4864
 +0.040404 +1.9818
 +0.050505 +2.4773
 +0.060606 +2.9727
 +0.070707 +3.4682
 +0.080808 +3.9636
 +0.090909 +4.4591
 +0.10101 +4.905
 +0.11111 +4.905
 +0.12121 +4.905
 +0.13131 +4.905
 +0.14141 +4.905
 +0.15152 +4.905
 +0.16162 +4.905
 +0.17172 +4.905
 +0.18182 +4.905
 +0.19192 +4.905
 +0.20202 +4.905
 +0.21212 +4.905
 +0.22222 +4.905
 +0.23232 +4.905
 +0.24242 +4.905
 +0.25253 +4.905
 +0.26263 +4.905
 +0.27273 +4.905
 +0.28283 +4.905
 +0.29293 +4.905
 +0.30303 +4.905
 +0.31313 +4.905
 +0.32323 +4.905
 +0.33333 +4.905
 +0.34343 +4.905
 +0.35354 +4.905
 +0.36364 +4.905
 +0.37374 +4.905
 +0.38384 +4.905
 +0.39394 +4.905
 +0.40404 +4.7068
 +0.41414 +4.2114
 +0.42424 +3.7159
 +0.43434 +3.2205
 +0.44444 +2.725
 +0.45455 +2.2295
 +0.46465 +1.7341
 +0.47475 +1.2386
 +0.48485 +0.74318
 +0.49495 +0.24773
 +0.50505 -0.24773
 +0.51515 -0.74318
 +0.52525 -1.2386
 +0.53535 -1.7341
 +0.54545 -2.2295
 +0.55556 -2.725
 +0.56566 -3.2205
 +0.57576 -3.7159
 +0.58586 -4.2114
 +0.59596 -4.7068
 +0.60606 -4.905
 +0.61616 -4.905
 +0.62626 -4.905
 +0.63636 -4.905
 +0.64646 -4.905
 +0.65657 -4.905
 +0.66667 -4.905
 +0.67677 -4.905
 +0.68687 -4.905
 +0.69697 -4.905
 +0.70707 -4.905
 +0.71717 -4.905
 +0.72727 -4.905
 +0.73737 -4.905
 +0.74747 -4.905
 +0.75758 -4.905
 +0.76768 -4.905
 +0.77778 -4.905
 +0.78788 -4.905
 +0.79798 -4.905
 +0.80808 -4.905
 +0.81818 -4.905
 +0.82828 -4.905
 +0.83838 -4.905
 +0.84848 -4.905
 +0.85859 -4.905
 +0.86869 -4.905
 +0.87879 -4.905
 +0.88889 -4.905
 +0.89899 -4.905
 +0.90909 -4.4591
 +0.91919 -3.9636
 +0.92929 -3.4682
 +0.93939 -2.9727
 +0.94949 -2.4773
 +0.9596 -1.9818
 +0.9697 -1.4864
 +0.9798 -0.99091
 +0.9899 -0.49545
 +1 +0
