[Tangents] 0 0
0 0
0.010101 8.4252e-05
0.020202 0.00067402
0.030303 0.0022748
0.040404 0.0053922
0.050505 0.010532
0.060606 0.018199
0.070707 0.028899
0.080808 0.043137
0.090909 0.06142
0.10101 0.084252
0.11111 0.11203
0.12121 0.14481
0.13131 0.18259
0.14141 0.22538
0.15152 0.27318
0.16162 0.32597
0.17172 0.38378
0.18182 0.44658
0.19192 0.5144
0.20202 0.58721
0.21212 0.66504
0.22222 0.74786
0.23232 0.83569
0.24242 0.92853
0.25253 1.0264
0.26263 1.1292
0.27273 1.2371
0.28283 1.3499
0.29293 1.4678
0.30303 1.5906
0.31313 1.7185
0.32323 1.8514
0.33333 1.9892
0.34343 2.1321
0.35354 2.28
0.36364 2.4329
0.37374 2.5908
0.38384 2.7537
0.39394 2.9216
0.40404 3.0945
0.41414 3.2722
0.42424 3.4542
0.43434 3.64
0.44444 3.829
0.45455 4.0209
0.46465 4.215
0.47475 4.4109
0.48485 4.608
0.49495 4.8059
0.50505 5.0041
0.51515 5.202
0.52525 5.3991
0.53535 5.595
0.54545 5.7891
0.55556 5.981
0.56566 6.17
0.57576 6.3558
0.58586 6.5378
0.59596 6.7155
0.60606 6.8884
0.61616 7.0563
0.62626 7.2192
0.63636 7.3771
0.64646 7.53
0.65657 7.6779
0.66667 7.8208
0.67677 7.9586
0.68687 8.0915
0.69697 8.2194
0.70707 8.3422
0.71717 8.4601
0.72727 8.5729
0.73737 8.6808
0.74747 8.7836
0.75758 8.8815
0.76768 8.9743
0.77778 9.0621
0.78788 9.145
0.79798 9.2228
0.80808 9.2956
0.81818 9.3634
0.82828 9.4262
0.83838 9.484
0.84848 9.5368
0.85859 9.5846
0.86869 9.6274
0.87879 9.6652
0.88889 9.698
0.89899 9.7257
0.90909 9.7486
0.91919 9.7669
0.92929 9.7811
0.93939 9.7918
0.94949 9.7995
0.9596 9.8046
0.9697 9.8077
0.9798 9.8093
0.9899 9.8099
1 9.81
