Time(s) Force[Z](Spherical:9)-ArfadaCaso3.iaa(N) Force[Y](Spherical:9)-ArfadaCaso3.iaa(N) Force[X](Spherical:9)-ArfadaCaso3.iaa(N) Force(Spherical:9)-ArfadaCaso3.iaa(N) Moment[Z](Spherical:9)-ArfadaCaso3.iaa(N.mm) Moment[Y](Spherical:9)-ArfadaCaso3.iaa(N.mm) Moment[X](Spherical:9)-ArfadaCaso3.iaa(N.mm) Moment(Spherical:9)-ArfadaCaso3.iaa(N.mm) 
0.00000 -2953.84981 20.49780 2924.66139 4156.84000 -0.00000 0.00012 0.00005 0.00013 
0.00635 -3008.41188 20.87625 2978.61980 4233.57000 -0.00000 -0.00004 -0.00000 0.00004 
0.01270 -3063.20974 21.25527 3032.51639 4310.44000 -0.00000 -0.00004 -0.00000 0.00004 
0.01905 -3118.47007 21.63528 3086.26110 4387.52000 -0.00000 -0.00004 -0.00000 0.00004 
0.02540 -3174.42611 22.01669 3139.74925 4464.92000 -0.00000 -0.00004 -0.00000 0.00004 
0.03175 -3231.42359 22.40058 3192.96596 4542.87000 -0.00000 -0.00004 -0.00000 0.00004 
0.03810 -3289.51939 22.78600 3245.58919 4621.18000 -0.00000 -0.00004 -0.00000 0.00004 
0.04445 -3350.00083 23.18040 3298.48738 4701.39000 -0.00000 -0.00004 -0.00000 0.00004 
0.05080 -3409.58317 23.55956 3348.00728 4778.59000 -0.00000 -0.00004 -0.00000 0.00004 
0.05715 -3416.39691 23.56446 3343.05140 4779.99000 -0.00000 -0.00004 -0.00000 0.00004 
0.06350 -3427.49692 23.58968 3339.70614 4785.60000 -0.00000 -0.00005 -0.00000 0.00005 
0.06985 -3439.83052 23.61415 3334.96987 4791.14000 -0.00000 -0.00004 -0.00000 0.00004 
0.07620 -3454.22681 23.64364 3329.63765 4797.78000 -0.00000 -0.00004 -0.00000 0.00004 
0.08255 -3470.43836 23.67645 3323.45357 4805.19000 -0.00000 -0.00004 -0.00000 0.00004 
0.08890 -3488.51499 23.71299 3316.44818 4813.43000 -0.00000 -0.00004 -0.00000 0.00004 
0.09525 -3508.42111 23.75305 3308.56797 4822.47000 -0.00000 -0.00004 -0.00000 0.00004 
0.10160 -3530.14282 23.79659 3299.77859 4832.29000 -0.00000 -0.00004 -0.00000 0.00004 
0.10795 -3553.65779 23.84351 3290.03620 4842.87000 -0.00000 -0.00004 -0.00000 0.00004 
0.11430 -3578.94370 23.89373 3279.29560 4854.19000 -0.00001 -0.00004 -0.00000 0.00005 
0.12065 -3605.97587 23.94716 3267.50805 4866.24000 -0.00000 -0.00004 -0.00000 0.00004 
0.12700 -3634.72782 24.00371 3254.62208 4878.97000 -0.00000 -0.00004 -0.00000 0.00004 
0.13335 -3665.17109 24.06327 3240.58332 4892.39000 -0.00000 -0.00004 -0.00000 0.00005 
0.13970 -3697.27517 24.12576 3225.33468 4906.45000 -0.00001 -0.00005 -0.00001 0.00005 
0.14605 -3731.00742 24.19106 3208.81641 4921.13000 -0.00000 -0.00005 -0.00000 0.00005 
0.15240 -3766.33292 24.25907 3190.96608 4936.41000 -0.00000 -0.00005 -0.00000 0.00005 
0.15875 -3803.21484 24.32969 3171.71919 4952.26000 -0.00001 -0.00005 -0.00001 0.00005 
0.16510 -3841.61117 24.40280 3151.00647 4968.64000 -0.00000 -0.00005 -0.00000 0.00005 
0.17145 -3881.49086 24.47835 3128.76739 4985.55000 -0.00000 -0.00005 -0.00000 0.00005 
0.17780 -3922.75521 24.55589 3104.88706 5002.89000 -0.00000 -0.00005 -0.00000 0.00005 
0.18415 -3965.59881 24.63683 3079.48156 5020.94000 -0.00000 -0.00005 -0.00000 0.00005 
0.19050 -4008.89509 24.71439 3051.64688 5038.29000 -0.00000 -0.00005 -0.00000 0.00005 
0.19685 -4057.25460 24.81712 3024.82283 5060.78000 -0.00000 -0.00005 -0.00000 0.00005 
0.20320 -4090.04483 24.81948 2983.74069 5062.79000 -0.00000 -0.00005 -0.00000 0.00005 
0.20955 -4059.03774 24.43402 2894.87596 4985.65000 -0.00000 -0.00005 -0.00000 0.00005 
0.21590 -4035.87240 24.09907 2811.58930 4918.73000 0.00000 -0.00005 -0.00000 0.00005 
0.22225 -4007.61816 23.73802 2725.03562 4846.38000 0.00000 -0.00005 -0.00000 0.00005 
0.22860 -3977.75675 23.37301 2638.08640 4773.11000 0.00000 -0.00005 -0.00000 0.00005 
0.23495 -3944.91254 22.99707 2550.21381 4697.49000 0.00000 -0.00005 -0.00000 0.00005 
0.24130 -3909.19988 22.61196 2461.89391 4619.88000 -0.00000 -0.00005 -0.00000 0.00005 
0.24765 -3870.34425 22.21701 2373.33061 4540.13000 -0.00000 -0.00005 -0.00000 0.00005 
0.25400 -3828.23397 21.81243 2284.81739 4458.28000 -0.00000 -0.00005 -0.00000 0.00005 
0.26035 -3782.75645 21.39828 2196.62916 4374.34000 -0.00000 -0.00004 -0.00000 0.00005 
0.26670 -3733.85333 20.97482 2109.05360 4288.38000 0.00000 -0.00004 0.00000 0.00004 
0.27305 -3681.46368 20.54217 2022.35598 4200.42000 -0.00000 -0.00004 -0.00000 0.00004 
0.27940 -3625.70894 20.10137 1936.87826 4110.68000 0.00000 -0.00004 -0.00000 0.00004 
0.28575 -3566.11676 19.65006 1852.62264 4018.68000 0.00000 -0.00004 -0.00000 0.00004 
0.29210 -3504.83456 19.20021 1770.91797 3926.88000 0.00000 -0.00004 -0.00000 0.00004 
0.29845 -3433.45890 18.70590 1687.76475 3825.90000 0.00000 -0.00004 -0.00000 0.00004 
0.30480 -3388.76803 18.36709 1621.19861 3756.64000 0.00000 -0.00004 -0.00000 0.00004 
0.31115 -3413.16857 18.41000 1589.91163 3765.35000 0.00000 -0.00004 -0.00000 0.00004 
0.31750 -3424.42713 18.38721 1553.98015 3760.57000 -0.00000 -0.00003 -0.00000 0.00003 
0.32385 -3438.44726 18.38445 1520.87913 3759.83000 -0.00000 -0.00003 -0.00000 0.00003 
0.33020 -3450.73228 18.37731 1488.55005 3758.15000 -0.00000 -0.00003 -0.00000 0.00003 
0.33655 -3462.58858 18.37257 1457.57702 3756.91000 -0.00000 -0.00003 -0.00000 0.00003 
0.34290 -3473.68174 18.36824 1427.81620 3755.72000 -0.00000 -0.00003 -0.00000 0.00003 
0.34925 -3484.13653 18.36479 1399.32273 3754.68000 -0.00000 -0.00003 -0.00000 0.00003 
0.35560 -3493.94793 18.36201 1372.09714 3753.75000 -0.00000 -0.00003 -0.00000 0.00003 
0.36195 -3503.14540 18.35989 1346.15432 3752.93000 -0.00000 -0.00003 -0.00000 0.00003 
0.36829 -3511.74724 18.35834 1321.50475 3752.21000 -0.00000 -0.00003 -0.00000 0.00003 
0.37465 -3519.77321 18.35732 1298.15954 3751.58000 -0.00000 -0.00003 -0.00001 0.00003 
0.38099 -3527.24102 18.35677 1276.12906 3751.04000 -0.00000 -0.00003 -0.00001 0.00003 
0.38734 -3534.16731 18.35663 1255.42324 3750.57000 -0.00000 -0.00003 -0.00001 0.00003 
0.39370 -3540.56753 18.35686 1236.05152 3750.17000 -0.00000 -0.00003 -0.00000 0.00003 
0.40004 -3546.45544 18.35741 1218.02263 3749.83000 -0.00000 -0.00003 -0.00001 0.00003 
0.40640 -3551.84530 18.35823 1201.34537 3749.56000 -0.00000 -0.00003 -0.00001 0.00003 
0.41274 -3556.74374 18.35926 1186.02577 3749.32000 -0.00000 -0.00003 -0.00001 0.00003 
0.41909 -3561.18057 18.36054 1172.07737 3749.15000 -0.00000 -0.00003 -0.00001 0.00003 
0.42545 -3565.09290 18.36168 1159.48303 3748.95000 -0.00001 -0.00003 -0.00001 0.00004 
0.43179 -3568.76123 18.36402 1148.33687 3749.01000 -0.00000 -0.00003 -0.00001 0.00003 
0.43815 -3571.17068 18.36229 1138.31638 3748.25000 -0.00000 -0.00003 -0.00001 0.00003 
0.44449 -3576.16366 18.37618 1130.64550 3750.69000 -0.00000 -0.00003 -0.00000 0.00003 
0.45084 -3569.36498 18.33174 1120.79261 3741.24000 -0.00001 -0.00003 -0.00001 0.00004 
0.45719 -3613.39164 18.55063 1128.37108 3785.52000 -0.00000 -0.00003 -0.00001 0.00004 
0.46354 -3720.76941 19.09678 1156.97339 3896.55000 -0.00000 -0.00003 -0.00001 0.00004 
0.46989 -3815.07626 19.57743 1182.58432 3994.21000 -0.00000 -0.00004 -0.00001 0.00004 
0.47624 -3912.71444 20.07668 1210.20276 4095.65000 -0.00000 -0.00004 -0.00001 0.00004 
0.48259 -4008.72710 20.56888 1238.16075 4195.64000 -0.00000 -0.00004 -0.00001 0.00004 
0.48894 -4106.53620 21.07139 1267.36472 4297.71000 -0.00000 -0.00004 -0.00001 0.00004 
0.49529 -4197.55316 21.53989 1294.99227 4392.83000 -0.00000 -0.00004 -0.00001 0.00004 
0.50164 -4312.95138 22.13419 1330.46747 4513.56000 -0.00001 -0.00004 -0.00001 0.00004 
0.50799 -4312.95114 22.13619 1330.46909 4513.56000 -0.00001 -0.00004 -0.00001 0.00004 
0.51434 -4197.55254 21.54570 1294.99704 4392.83000 -0.00001 -0.00004 -0.00001 0.00004 
0.52069 -4106.53530 21.08080 1267.37255 4297.71000 -0.00001 -0.00004 -0.00001 0.00004 
0.52704 -4008.72601 20.58163 1238.17154 4195.64000 -0.00001 -0.00004 -0.00001 0.00004 
0.53339 -3912.71323 20.09253 1210.21643 4095.65000 -0.00001 -0.00004 -0.00001 0.00004 
0.53974 -3815.07500 19.59613 1182.60079 3994.21000 -0.00001 -0.00003 -0.00001 0.00004 
0.54609 -3720.76815 19.11808 1156.99258 3896.55000 -0.00001 -0.00003 -0.00001 0.00004 
0.55244 -3613.39048 18.57416 1128.39287 3785.53000 -0.00001 -0.00003 -0.00001 0.00004 
0.55879 -3569.36367 18.35787 1120.81717 3741.25000 -0.00001 -0.00003 -0.00002 0.00004 
0.56514 -3576.16190 18.40533 1130.67307 3750.69000 -0.00001 -0.00003 -0.00001 0.00003 
0.57149 -3571.16839 18.39428 1138.34695 3748.26000 -0.00001 -0.00003 -0.00001 0.00004 
0.57784 -3568.75826 18.39881 1148.37048 3749.02000 -0.00001 -0.00003 -0.00002 0.00004 
0.58419 -3565.08910 18.39916 1159.51974 3748.96000 -0.00001 -0.00003 -0.00002 0.00004 
0.59054 -3561.17577 18.40063 1172.11721 3749.16000 -0.00001 -0.00003 -0.00002 0.00004 
0.59689 -3556.73777 18.40184 1186.06878 3749.33000 -0.00001 -0.00003 -0.00002 0.00004 
0.60324 -3551.83796 18.40319 1201.39158 3749.56000 -0.00001 -0.00003 -0.00002 0.00004 
0.60959 -3546.44653 18.40461 1218.07207 3749.84000 -0.00001 -0.00003 -0.00002 0.00004 
0.61594 -3540.55683 18.40617 1236.10420 3750.18000 -0.00001 -0.00003 -0.00002 0.00004 
0.62229 -3534.15460 18.40788 1255.47917 3750.58000 -0.00001 -0.00003 -0.00002 0.00003 
0.62864 -3527.22606 18.40978 1276.18824 3751.04000 -0.00001 -0.00003 -0.00002 0.00004 
0.63499 -3519.75576 18.41192 1298.22195 3751.59000 -0.00001 -0.00003 -0.00002 0.00004 
0.64134 -3511.72708 18.41433 1321.57036 3752.21000 -0.00001 -0.00003 -0.00002 0.00004 
0.64769 -3503.12227 18.41706 1346.22308 3752.94000 -0.00001 -0.00003 -0.00002 0.00003 
0.65404 -3493.92160 18.42015 1372.16898 3753.75000 -0.00001 -0.00003 -0.00002 0.00004 
0.66039 -3484.10678 18.42366 1399.39757 3754.68000 -0.00001 -0.00003 -0.00002 0.00004 
0.66674 -3473.64836 18.42759 1427.89393 3755.72000 -0.00001 -0.00003 -0.00002 0.00004 
0.67309 -3462.55137 18.43215 1457.65752 3756.91000 -0.00001 -0.00002 -0.00002 0.00004 
0.67944 -3450.69108 18.43686 1488.63316 3758.14000 -0.00001 -0.00002 -0.00002 0.00003 
0.68579 -3438.40195 18.44372 1520.96468 3759.82000 -0.00001 -0.00002 -0.00002 0.00004 
0.69214 -3424.37764 18.44589 1554.06795 3760.56000 -0.00001 -0.00002 -0.00002 0.00003 
0.69849 -3413.11475 18.46795 1590.00154 3765.34000 -0.00001 -0.00002 -0.00002 0.00004 
0.70484 -3388.71033 18.42361 1621.29013 3756.63000 -0.00001 -0.00002 -0.00003 0.00004 
0.71119 -3433.39459 18.76365 1687.85949 3825.89000 -0.00002 -0.00002 -0.00003 0.00004 
0.71754 -3504.76206 19.26018 1771.01664 3926.86000 -0.00002 -0.00002 -0.00003 0.00004 
0.72389 -3566.03578 19.71171 1852.72504 4018.66000 -0.00002 -0.00002 -0.00003 0.00004 
0.73024 -3625.61885 20.16447 1936.98439 4110.65000 -0.00002 -0.00002 -0.00003 0.00004 
0.73659 -3681.36392 20.60636 2022.46577 4200.38000 -0.00002 -0.00002 -0.00003 0.00004 
0.74294 -3733.74333 21.03970 2109.16697 4288.34000 -0.00002 -0.00002 -0.00003 0.00004 
0.74929 -3782.63563 21.46341 2196.74599 4374.30000 -0.00002 -0.00002 -0.00003 0.00004 
0.75564 -3828.10176 21.87727 2284.93754 4458.23000 -0.00002 -0.00002 -0.00003 0.00004 
0.76199 -3870.20011 22.28098 2373.45390 4540.07000 -0.00003 -0.00001 -0.00003 0.00004 
0.76834 -3909.04329 22.67437 2462.02012 4619.81000 -0.00003 -0.00001 -0.00003 0.00005 
0.77469 -3944.74306 23.05720 2550.34268 4697.42000 -0.00003 -0.00001 -0.00003 0.00005 
0.78104 -3977.57400 23.43002 2638.21763 4773.03000 -0.00003 -0.00001 -0.00004 0.00005 
0.78739 -4007.42187 23.79100 2725.16888 4846.29000 -0.00003 -0.00001 -0.00004 0.00005 
0.79374 -4035.66237 24.14707 2811.72421 4918.63000 -0.00003 -0.00001 -0.00004 0.00005 
0.80009 -4058.81423 24.47587 2895.01204 4985.55000 -0.00003 -0.00000 -0.00004 0.00005 
0.80644 -4089.80717 24.85443 2983.87780 5062.67000 -0.00003 -0.00000 -0.00004 0.00005 
0.81279 -4057.01090 24.84138 3024.95805 5060.66000 -0.00003 0.00000 -0.00004 0.00005 
0.81914 -4008.64871 24.72688 3051.77942 5038.18000 -0.00003 0.00000 -0.00004 0.00005 
0.82549 -3965.35119 24.63739 3079.61143 5020.82000 -0.00003 0.00001 -0.00003 0.00005 
0.83184 -3922.50856 24.54434 3105.01417 5002.78000 -0.00003 0.00001 -0.00003 0.00005 
0.83819 -3881.24739 24.45471 3128.89177 4985.44000 -0.00003 0.00001 -0.00003 0.00005 
0.84454 -3841.37322 24.36728 3151.12824 4968.54000 -0.00003 0.00001 -0.00003 0.00005 
0.85089 -3802.98484 24.28272 3171.83856 4952.16000 -0.00003 0.00002 -0.00003 0.00005 
0.85724 -3766.11332 24.20129 3191.08336 4936.32000 -0.00003 0.00002 -0.00003 0.00005 
0.86359 -3730.80066 24.12333 3208.93196 4921.05000 -0.00003 0.00002 -0.00003 0.00005 
0.86994 -3697.08356 24.04920 3225.44899 4906.38000 -0.00003 0.00002 -0.00003 0.00005 
0.87629 -3664.99681 23.97921 3240.69691 4892.33000 -0.00003 0.00003 -0.00002 0.00005 
0.88264 -3634.57283 23.91369 3254.73555 4878.93000 -0.00003 0.00003 -0.00002 0.00005 
0.88899 -3605.84183 23.85294 3267.62204 4866.21000 -0.00003 0.00003 -0.00002 0.00005 
0.89534 -3578.83194 23.79719 3279.41079 4854.19000 -0.00003 0.00003 -0.00002 0.00005 
0.90169 -3553.56922 23.74669 3290.15331 4842.88000 -0.00003 0.00003 -0.00001 0.00005 
0.90804 -3530.07792 23.70158 3299.89834 4832.32000 -0.00003 0.00004 -0.00001 0.00005 
0.91439 -3508.37988 23.66197 3308.69106 4822.52000 -0.00002 0.00004 -0.00001 0.00005 
0.92074 -3488.49692 23.62793 3316.57532 4813.51000 -0.00002 0.00004 -0.00001 0.00005 
0.92709 -3470.44247 23.59938 3323.58543 4805.28000 -0.00002 0.00004 -0.00000 0.00005 
0.93344 -3454.25162 23.57636 3329.77484 4797.90000 -0.00002 0.00004 -0.00000 0.00005 
0.93979 -3439.87410 23.55827 3335.11296 4791.27000 -0.00002 0.00004 0.00000 0.00005 
0.94614 -3427.55691 23.54650 3339.85562 4785.74000 -0.00001 0.00004 0.00000 0.00005 
0.95249 -3416.47072 23.53498 3343.20766 4780.15000 -0.00001 0.00004 0.00001 0.00005 
0.95884 -3409.66755 23.54439 3348.17071 4778.77000 -0.00004 0.00004 0.00001 0.00006 
0.96519 -3350.10077 23.17993 3298.65635 4701.58000 -0.00005 0.00005 0.00001 0.00007 
0.97154 -3289.63189 22.80003 3245.76350 4621.38000 0.00002 0.00003 0.00000 0.00004 
0.97789 -3231.54526 22.42857 3193.14527 4543.08000 -0.00000 0.00004 0.00001 0.00005 
0.98424 -3174.55383 22.05778 3139.93296 4465.14000 0.00000 0.00004 0.00002 0.00005 
0.99059 -3118.60093 21.68845 3086.44846 4387.75000 0.00000 0.00004 0.00002 0.00005 
0.99694 -3063.34108 21.31931 3032.70649 4310.66000 0.00000 0.00004 0.00002 0.00005 
1.00329 -3008.54136 20.94991 2978.81159 4233.80000 0.00001 0.00004 0.00002 0.00005 
1.00964 -2953.97689 20.57981 2924.85522 4157.06000 0.00001 0.00004 0.00002 0.00004 
