Time(s) Force[Z](Spherical:10)-ArfadaCaso2.iaa(N) Force[Y](Spherical:10)-ArfadaCaso2.iaa(N) Force[X](Spherical:10)-ArfadaCaso2.iaa(N) Force(Spherical:10)-ArfadaCaso2.iaa(N) Moment[Z](Spherical:10)-ArfadaCaso2.iaa(N.mm) Moment[Y](Spherical:10)-ArfadaCaso2.iaa(N.mm) Moment[X](Spherical:10)-ArfadaCaso2.iaa(N.mm) Moment(Spherical:10)-ArfadaCaso2.iaa(N.mm) 
0.00000 -0.10275 2640.54000 -0.00238 2640.54000 0.00001 0.00000 0.00004 0.00004 
0.00635 -0.10412 2691.33000 -0.00246 2691.33000 0.00000 0.00000 0.00000 0.00000 
0.01270 -0.10549 2742.12000 -0.00255 2742.12000 0.00000 0.00000 0.00000 0.00000 
0.01905 -0.10684 2792.91000 -0.00265 2792.91000 0.00000 0.00000 0.00000 0.00000 
0.02540 -0.10817 2843.74000 -0.00276 2843.74000 0.00000 0.00000 0.00000 0.00000 
0.03175 -0.10945 2894.67000 -0.00288 2894.67000 0.00000 -0.00000 0.00000 0.00000 
0.03810 -0.11066 2945.55000 -0.00301 2945.55000 0.00000 0.00000 0.00000 0.00000 
0.04445 -0.11181 2997.09000 -0.00315 2997.09000 0.00000 -0.00000 0.00000 0.00000 
0.05080 -0.11279 3046.87000 -0.00330 3046.87000 0.00000 -0.00000 0.00000 0.00000 
0.05715 -0.11233 3046.37000 -0.00338 3046.37000 0.00000 -0.00000 0.00000 0.00000 
0.06350 -0.11182 3047.71000 -0.00348 3047.71000 0.00000 -0.00000 0.00000 0.00000 
0.06985 -0.11120 3048.78000 -0.00358 3048.78000 0.00000 -0.00000 0.00000 0.00000 
0.07620 -0.11049 3050.12000 -0.00370 3050.12000 0.00000 -0.00000 0.00000 0.00000 
0.08255 -0.10968 3051.58000 -0.00382 3051.58000 0.00000 -0.00000 0.00000 0.00000 
0.08890 -0.10877 3053.20000 -0.00396 3053.20000 0.00000 -0.00000 0.00000 0.00000 
0.09525 -0.10776 3054.94000 -0.00411 3054.94000 0.00000 -0.00000 0.00000 0.00000 
0.10160 -0.10663 3056.81000 -0.00427 3056.81000 0.00000 -0.00000 0.00000 0.00000 
0.10795 -0.10540 3058.80000 -0.00445 3058.80000 0.00000 -0.00000 0.00000 0.00000 
0.11430 -0.10406 3060.88000 -0.00463 3060.88000 0.00000 0.00000 0.00000 0.00000 
0.12065 -0.10259 3063.06000 -0.00483 3063.06000 0.00000 -0.00000 0.00000 0.00000 
0.12700 -0.10100 3065.31000 -0.00504 3065.31000 0.00000 -0.00000 0.00000 0.00000 
0.13335 -0.09929 3067.63000 -0.00526 3067.63000 0.00000 0.00000 0.00000 0.00000 
0.13970 -0.09744 3069.99000 -0.00549 3069.99000 0.00000 0.00000 0.00000 0.00000 
0.14605 -0.09545 3072.38000 -0.00574 3072.38000 0.00000 -0.00000 0.00000 0.00000 
0.15240 -0.09332 3074.79000 -0.00600 3074.79000 0.00000 -0.00000 0.00000 0.00000 
0.15875 -0.09104 3077.19000 -0.00627 3077.19000 0.00000 -0.00000 0.00000 0.00000 
0.16510 -0.08860 3079.57000 -0.00655 3079.57000 0.00000 0.00000 0.00000 0.00000 
0.17145 -0.08599 3081.92000 -0.00685 3081.92000 0.00000 -0.00000 0.00000 0.00000 
0.17780 -0.08320 3084.15000 -0.00715 3084.15000 0.00000 -0.00000 0.00000 0.00000 
0.18415 -0.08023 3086.51000 -0.00747 3086.51000 0.00000 0.00000 0.00000 0.00000 
0.19050 -0.07706 3087.98000 -0.00779 3087.98000 0.00000 0.00000 0.00000 0.00000 
0.19685 -0.07370 3092.07000 -0.00814 3092.07000 0.00000 -0.00000 0.00000 0.00000 
0.20320 -0.07009 3085.57000 -0.00846 3085.57000 0.00000 -0.00000 0.00000 0.00000 
0.20955 -0.06633 3030.65000 -0.00861 3030.65000 0.00000 -0.00000 0.00000 0.00000 
0.21590 -0.06272 2980.87000 -0.00877 2980.87000 0.00000 -0.00000 0.00000 0.00000 
0.22225 -0.05925 2929.55000 -0.00893 2929.55000 0.00000 -0.00000 0.00000 0.00000 
0.22860 -0.05595 2878.49000 -0.00908 2878.49000 0.00000 -0.00000 0.00000 0.00000 
0.23495 -0.05287 2827.32000 -0.00923 2827.32000 0.00000 -0.00000 0.00000 0.00000 
0.24130 -0.05001 2776.25000 -0.00936 2776.25000 0.00000 -0.00000 0.00000 0.00000 
0.24765 -0.04741 2725.33000 -0.00949 2725.33000 0.00000 -0.00000 0.00000 0.00000 
0.25400 -0.04508 2674.66000 -0.00961 2674.66000 0.00000 -0.00000 0.00000 0.00000 
0.26035 -0.04306 2624.36000 -0.00972 2624.36000 0.00000 -0.00000 0.00000 0.00000 
0.26670 -0.04136 2574.53000 -0.00983 2574.53000 0.00000 -0.00000 0.00000 0.00000 
0.27305 -0.04001 2525.28000 -0.00993 2525.28000 0.00000 -0.00000 0.00000 0.00000 
0.27940 -0.03901 2476.78000 -0.01002 2476.78000 0.00000 -0.00000 0.00000 0.00000 
0.28575 -0.03840 2428.85000 -0.01010 2428.85000 -0.00000 -0.00000 0.00000 0.00000 
0.29210 -0.03815 2382.81000 -0.01018 2382.81000 -0.00001 -0.00000 -0.00000 0.00001 
0.29845 -0.03844 2333.65000 -0.01024 2333.65000 0.00000 -0.00000 0.00000 0.00000 
0.30480 -0.03851 2304.32000 -0.01039 2304.32000 -0.00000 -0.00000 0.00000 0.00000 
0.31115 -0.03711 2317.73000 -0.01077 2317.73000 -0.00000 -0.00000 0.00000 0.00000 
0.31750 -0.03590 2323.52000 -0.01113 2323.52000 -0.00000 -0.00000 0.00000 0.00000 
0.32385 -0.03461 2331.88000 -0.01150 2331.88000 -0.00000 -0.00000 0.00000 0.00000 
0.33020 -0.03329 2339.78000 -0.01188 2339.78000 -0.00000 -0.00000 0.00000 0.00000 
0.33655 -0.03194 2348.07000 -0.01227 2348.07000 -0.00000 -0.00000 0.00000 0.00000 
0.34290 -0.03055 2356.46000 -0.01267 2356.46000 -0.00000 -0.00000 0.00000 0.00000 
0.34925 -0.02912 2364.98000 -0.01308 2364.98000 -0.00000 -0.00000 0.00000 0.00000 
0.35560 -0.02765 2373.58000 -0.01350 2373.58000 -0.00000 -0.00000 0.00000 0.00000 
0.36195 -0.02613 2382.23000 -0.01393 2382.23000 -0.00000 -0.00000 0.00000 0.00000 
0.36829 -0.02455 2390.86000 -0.01437 2390.86000 -0.00000 -0.00000 0.00000 0.00000 
0.37465 -0.02291 2399.45000 -0.01483 2399.45000 -0.00000 -0.00000 0.00000 0.00000 
0.38099 -0.02120 2407.94000 -0.01530 2407.94000 -0.00000 0.00000 0.00001 0.00001 
0.38734 -0.01942 2416.27000 -0.01578 2416.27000 -0.00000 -0.00000 0.00000 0.00000 
0.39370 -0.01754 2424.39000 -0.01628 2424.39000 -0.00000 -0.00000 0.00000 0.00000 
0.40004 -0.01558 2432.26000 -0.01680 2432.26000 -0.00000 -0.00000 0.00000 0.00000 
0.40640 -0.01350 2439.80000 -0.01733 2439.80000 -0.00000 -0.00000 0.00000 0.00000 
0.41274 -0.01131 2446.96000 -0.01788 2446.96000 -0.00000 -0.00000 0.00000 0.00000 
0.41909 -0.00899 2453.70000 -0.01844 2453.70000 -0.00000 -0.00000 0.00000 0.00000 
0.42545 -0.00653 2459.93000 -0.01903 2459.93000 -0.00000 -0.00000 0.00000 0.00000 
0.43179 -0.00391 2465.71000 -0.01964 2465.71000 -0.00000 -0.00000 0.00000 0.00000 
0.43815 -0.00116 2470.55000 -0.02026 2470.55000 -0.00000 -0.00000 0.00000 0.00000 
0.44449 0.00191 2476.13000 -0.02092 2476.13000 -0.00000 -0.00000 0.00000 0.00000 
0.45084 0.00468 2475.58000 -0.02156 2475.58000 -0.00000 -0.00000 0.00000 0.00000 
0.45719 0.00982 2500.20000 -0.02242 2500.20000 -0.00000 -0.00000 0.00000 0.00000 
0.46354 0.01792 2555.13000 -0.02357 2555.13000 -0.00000 -0.00000 0.00000 0.00000 
0.46989 0.02574 2602.70000 -0.02470 2602.70000 -0.00000 -0.00000 0.00000 0.00000 
0.47624 0.03395 2651.65000 -0.02589 2651.65000 0.00000 -0.00000 0.00000 0.00000 
0.48259 0.04234 2699.50000 -0.02710 2699.50000 -0.00000 -0.00000 0.00000 0.00000 
0.48894 0.05106 2748.13000 -0.02837 2748.13000 -0.00000 -0.00000 0.00000 0.00000 
0.49529 0.05974 2793.34000 -0.02965 2793.34000 -0.00001 -0.00000 -0.00000 0.00001 
0.50164 0.06972 2850.72000 -0.03107 2850.72000 -0.00000 -0.00000 0.00000 0.00000 
0.50799 0.07506 2850.72000 -0.03199 2850.72000 -0.00000 -0.00000 0.00000 0.00000 
0.51434 0.07579 2793.34000 -0.03238 2793.34000 0.00001 -0.00000 -0.00001 0.00001 
0.52069 0.07793 2748.12000 -0.03288 2748.12000 -0.00000 -0.00000 0.00000 0.00000 
0.52704 0.08014 2699.49000 -0.03335 2699.49000 0.00000 -0.00000 -0.00000 0.00000 
0.53339 0.08284 2651.64000 -0.03383 2651.64000 0.00000 -0.00000 -0.00000 0.00000 
0.53974 0.08591 2602.69000 -0.03430 2602.69000 -0.00000 -0.00000 0.00000 0.00000 
0.54609 0.08960 2555.12000 -0.03478 2555.12000 -0.00000 -0.00000 0.00000 0.00000 
0.55244 0.09325 2500.18000 -0.03519 2500.18000 -0.00000 -0.00000 0.00000 0.00000 
0.55879 0.10011 2475.56000 -0.03594 2475.56000 -0.00001 -0.00000 -0.00001 0.00001 
0.56514 0.10961 2476.11000 -0.03700 2476.11000 0.00000 -0.00000 0.00000 0.00000 
0.57149 0.11913 2470.53000 -0.03800 2470.53000 -0.00000 -0.00000 0.00000 0.00000 
0.57784 0.12928 2465.68000 -0.03903 2465.68000 -0.00000 -0.00000 0.00000 0.00000 
0.58419 0.13991 2459.91000 -0.04007 2459.91000 -0.00000 -0.00000 0.00000 0.00000 
0.59054 0.15108 2453.68000 -0.04112 2453.68000 -0.00000 -0.00000 0.00000 0.00000 
0.59689 0.16280 2446.94000 -0.04217 2446.94000 0.00000 -0.00000 -0.00000 0.00000 
0.60324 0.17508 2439.78000 -0.04322 2439.78000 -0.00000 -0.00000 0.00000 0.00000 
0.60959 0.18793 2432.24000 -0.04427 2432.24000 0.00000 -0.00000 0.00000 0.00000 
0.61594 0.20135 2424.38000 -0.04531 2424.38000 -0.00000 -0.00000 0.00000 0.00000 
0.62229 0.21535 2416.25000 -0.04633 2416.25000 -0.00000 -0.00000 0.00000 0.00000 
0.62864 0.22995 2407.93000 -0.04734 2407.93000 -0.00000 -0.00000 0.00000 0.00000 
0.63499 0.24514 2399.44000 -0.04832 2399.44000 -0.00000 -0.00000 0.00000 0.00000 
0.64134 0.26092 2390.86000 -0.04926 2390.86000 -0.00000 -0.00000 0.00000 0.00000 
0.64769 0.27729 2382.23000 -0.05016 2382.23000 -0.00000 -0.00000 0.00000 0.00000 
0.65404 0.29423 2373.59000 -0.05101 2373.59000 -0.00000 -0.00000 0.00000 0.00000 
0.66039 0.31174 2365.00000 -0.05180 2365.00000 0.00001 -0.00000 -0.00000 0.00001 
0.66674 0.32980 2356.48000 -0.05252 2356.48000 -0.00000 -0.00000 0.00000 0.00000 
0.67309 0.34837 2348.10000 -0.05316 2348.10000 -0.00000 -0.00000 0.00000 0.00000 
0.67944 0.36744 2339.82000 -0.05370 2339.82000 -0.00000 -0.00000 0.00000 0.00000 
0.68579 0.38696 2331.93000 -0.05414 2331.93000 -0.00000 -0.00000 0.00000 0.00000 
0.69214 0.40685 2323.58000 -0.05446 2323.58000 -0.00000 -0.00000 0.00000 0.00000 
0.69849 0.42723 2317.81000 -0.05468 2317.81000 -0.00000 -0.00000 0.00000 0.00000 
0.70484 0.44734 2304.41000 -0.05462 2304.41000 -0.00000 -0.00000 0.00000 0.00000 
0.71119 0.47130 2333.75000 -0.05531 2333.75000 -0.00000 -0.00000 0.00000 0.00000 
0.71754 0.49723 2382.93000 -0.05622 2382.93000 -0.00000 -0.00000 0.00000 0.00000 
0.72389 0.52334 2428.98000 -0.05689 2428.98000 -0.00000 -0.00000 0.00000 0.00000 
0.73024 0.55008 2476.93000 -0.05740 2476.93000 -0.00000 -0.00000 0.00000 0.00000 
0.73659 0.57728 2525.45000 -0.05768 2525.45000 -0.00000 -0.00000 0.00000 0.00000 
0.74294 0.60491 2574.72000 -0.05772 2574.72000 -0.00000 -0.00000 0.00000 0.00000 
0.74929 0.63289 2624.57000 -0.05747 2624.57000 -0.00000 -0.00000 -0.00000 0.00000 
0.75564 0.66110 2674.89000 -0.05690 2674.89000 -0.00000 -0.00000 -0.00000 0.00000 
0.76199 0.68940 2725.57000 -0.05600 2725.57000 -0.00000 -0.00000 -0.00000 0.00000 
0.76834 0.71762 2776.51000 -0.05471 2776.51000 -0.00000 -0.00000 -0.00000 0.00000 
0.77469 0.74557 2827.60000 -0.05303 2827.60000 -0.00000 -0.00000 -0.00000 0.00000 
0.78104 0.77301 2878.79000 -0.05092 2878.79000 -0.00000 -0.00000 -0.00000 0.00000 
0.78739 0.79968 2929.86000 -0.04836 2929.86000 -0.00000 -0.00000 -0.00000 0.00000 
0.79374 0.82538 2981.20000 -0.04535 2981.20000 -0.00000 -0.00000 -0.00000 0.00000 
0.80009 0.84955 3030.98000 -0.04185 3030.98000 -0.00000 -0.00000 -0.00000 0.00000 
0.80644 0.87288 3085.92000 -0.03795 3085.92000 -0.00000 0.00000 -0.00000 0.00000 
0.81279 0.88750 3092.42000 -0.03316 3092.42000 -0.00000 0.00000 -0.00000 0.00000 
0.81914 0.89798 3088.33000 -0.02799 3088.33000 -0.00000 0.00000 -0.00000 0.00000 
0.82549 0.90603 3086.86000 -0.02262 3086.86000 -0.00000 -0.00000 -0.00000 0.00000 
0.83184 0.91095 3084.50000 -0.01706 3084.50000 -0.00003 0.00001 -0.00001 0.00003 
0.83819 0.91390 3082.26000 -0.01142 3082.27000 -0.00004 0.00001 -0.00003 0.00005 
0.84454 0.84783 3079.88000 -0.00465 3079.88000 -0.00000 -0.00000 -0.00000 0.00000 
0.85089 0.83536 3077.49000 0.00093 3077.49000 -0.00000 -0.00000 -0.00000 0.00000 
0.85724 0.82830 3075.07000 0.00635 3075.07000 0.00037 -0.00009 0.00064 0.00075 
0.86359 0.81936 3072.65000 0.01174 3072.65000 0.00000 0.00000 -0.00000 0.00000 
0.86994 0.80792 3070.24000 0.01706 3070.24000 0.00000 0.00000 -0.00000 0.00000 
0.87629 0.79408 3067.87000 0.02229 3067.87000 0.00000 0.00000 -0.00000 0.00000 
0.88264 0.77799 3065.53000 0.02739 3065.53000 0.00000 0.00000 -0.00000 0.00000 
0.88899 0.75983 3063.27000 0.03233 3063.27000 0.00000 0.00000 -0.00000 0.00000 
0.89534 0.73979 3061.07000 0.03709 3061.07000 0.00000 0.00000 -0.00000 0.00000 
0.90169 0.71806 3058.97000 0.04164 3058.97000 0.00000 0.00000 -0.00000 0.00000 
0.90804 0.69488 3056.96000 0.04597 3056.96000 0.00000 0.00000 -0.00000 0.00000 
0.91439 0.67046 3055.07000 0.05006 3055.07000 0.00000 0.00000 -0.00000 0.00000 
0.92074 0.64504 3053.31000 0.05389 3053.31000 0.00000 0.00000 -0.00000 0.00000 
0.92709 0.61884 3051.68000 0.05747 3051.68000 0.00000 0.00000 -0.00000 0.00000 
0.93344 0.59210 3050.20000 0.06079 3050.20000 0.00000 0.00000 0.00000 0.00000 
0.93979 0.56502 3048.84000 0.06384 3048.84000 0.00000 0.00000 0.00000 0.00000 
0.94614 0.53783 3047.76000 0.06663 3047.76000 0.00000 0.00000 0.00000 0.00000 
0.95249 0.51065 3046.41000 0.06915 3046.41000 0.00000 0.00000 0.00000 0.00000 
0.95884 0.48393 3046.90000 0.07147 3046.90000 0.00000 0.00000 0.00000 0.00000 
0.96519 0.45238 2997.10000 0.07209 2997.10000 0.00000 0.00000 0.00000 0.00000 
0.97154 0.42177 2945.55000 0.07235 2945.55000 0.00000 0.00000 0.00000 0.00000 
0.97789 0.39250 2894.66000 0.07237 2894.66000 0.00000 0.00000 0.00000 0.00000 
0.98424 0.36455 2843.72000 0.07214 2843.72000 0.00000 0.00000 0.00000 0.00000 
0.99059 0.33798 2792.89000 0.07170 2792.89000 0.00000 0.00000 0.00000 0.00000 
0.99694 0.31282 2742.08000 0.07108 2742.08000 0.00000 0.00000 0.00000 0.00000 
1.00329 0.28907 2691.30000 0.07029 2691.30000 0.00000 0.00000 0.00000 0.00000 
1.00964 0.26671 2640.50000 0.06936 2640.50000 0.00000 0.00000 0.00000 0.00000 
