Time(s) Force[Z](Spherical:9)-BalanceoCaso3.iaa(N) Force[Y](Spherical:9)-BalanceoCaso3.iaa(N) Force[X](Spherical:9)-BalanceoCaso3.iaa(N) Force(Spherical:9)-BalanceoCaso3.iaa(N) Moment[Z](Spherical:9)-BalanceoCaso3.iaa(N.mm) Moment[Y](Spherical:9)-BalanceoCaso3.iaa(N.mm) Moment[X](Spherical:9)-BalanceoCaso3.iaa(N.mm) Moment(Spherical:9)-BalanceoCaso3.iaa(N.mm) 
0.00000 -4351.96446 23.05535 1346.79649 4555.65000 -0.00187 0.01777 -0.00801 0.01958 
0.00910 -4553.83637 24.12548 1409.23951 4766.97000 0.00000 -0.00000 0.00000 0.00000 
0.01820 -4755.57846 25.19809 1471.38034 4978.06000 -0.00000 -0.00000 0.00000 0.00000 
0.02731 -4957.03230 26.27598 1532.86790 5188.69000 -0.00000 -0.00000 0.00000 0.00000 
0.03641 -5157.91391 27.36175 1593.26889 5398.46000 -0.00000 -0.00000 0.00000 0.00000 
0.04551 -5358.15880 28.45951 1652.17523 5607.17000 -0.00000 -0.00000 0.00000 0.00000 
0.05461 -5556.63861 29.56794 1708.80958 5813.53000 -0.00000 -0.00000 0.00000 0.00000 
0.06371 -5755.94750 30.70558 1763.49901 6020.12000 -0.00000 -0.00000 0.00000 0.00000 
0.07282 -5944.52517 31.81511 1812.20119 6214.70000 -0.00000 -0.00000 0.00000 0.00000 
0.08192 -5931.00578 31.87070 1796.51434 6197.20000 -0.00000 -0.00000 0.00000 0.00000 
0.09102 -5923.20359 31.97899 1780.06050 6184.98000 -0.00000 -0.00000 0.00000 0.00000 
0.10012 -5911.72101 32.08586 1760.01756 6168.24000 -0.00000 -0.00000 0.00000 0.00000 
0.10922 -5899.07242 32.20056 1737.17963 6149.63000 -0.00000 -0.00000 0.00000 0.00000 
0.11832 -5884.58426 32.31457 1711.38707 6128.48000 -0.00000 -0.00000 0.00000 0.00000 
0.12743 -5868.43566 32.42340 1682.73945 6105.01000 -0.00000 0.00000 0.00000 0.00000 
0.13653 -5850.57747 32.52079 1651.27395 6079.23000 -0.00000 -0.00000 0.00000 0.00000 
0.14563 -5831.02131 32.60032 1617.05019 6051.18000 -0.00000 -0.00000 0.00000 0.00000 
0.15473 -5809.76225 32.65500 1580.12759 6020.90000 -0.00000 -0.00000 -0.00000 0.00000 
0.16383 -5786.79950 32.67745 1540.57111 5988.45000 -0.00000 -0.00000 0.00000 0.00000 
0.17294 -5762.13084 32.65987 1498.44946 5953.87000 -0.00000 -0.00000 -0.00000 0.00000 
0.18204 -5735.75407 32.59413 1453.83531 5917.23000 -0.00000 0.00000 -0.00001 0.00001 
0.19114 -5707.66669 32.47180 1406.80499 5878.57000 0.00000 0.00000 0.00000 0.00000 
0.20024 -5677.86579 32.28418 1357.43823 5837.97000 0.00000 0.00000 0.00000 0.00000 
0.20934 -5646.34862 32.02237 1305.81811 5795.47000 0.00000 0.00000 0.00000 0.00000 
0.21845 -5613.11056 31.67728 1252.03032 5751.14000 0.00000 0.00000 0.00000 0.00000 
0.22755 -5578.15261 31.23975 1196.16464 5705.05000 -0.00000 0.00001 0.00000 0.00001 
0.23665 -5541.45362 30.70043 1138.30880 5657.24000 0.00000 0.00000 -0.00000 0.00000 
0.24575 -5503.07317 30.05039 1078.56935 5607.85000 0.00000 0.00000 -0.00000 0.00000 
0.25485 -5462.77040 29.27910 1016.99664 5556.71000 0.00000 0.00000 -0.00000 0.00000 
0.26395 -5421.41599 28.38205 953.84819 5504.76000 0.00000 0.00000 -0.00000 0.00000 
0.27306 -5375.76373 27.33340 888.66576 5448.79000 0.00000 0.00000 -0.00000 0.00000 
0.28216 -5337.80037 26.18446 823.48485 5401.01000 0.00000 0.00000 -0.00000 0.00000 
0.29126 -5261.78116 24.70605 751.55171 5315.24000 0.00000 0.00000 -0.00000 0.00000 
0.30036 -5026.83759 22.37921 658.49004 5069.83000 0.00001 0.00000 -0.00000 0.00001 
0.30946 -4815.65449 20.09902 572.13910 4849.56000 0.00001 0.00000 -0.00000 0.00001 
0.31857 -4604.47687 17.77126 489.54784 4630.46000 0.00001 0.00000 -0.00000 0.00001 
0.32767 -4400.22634 15.44018 411.76361 4419.48000 0.00001 0.00000 -0.00000 0.00001 
0.33677 -4201.62547 13.11609 338.77155 4215.28000 0.00002 0.00000 -0.00000 0.00002 
0.34587 -4009.50125 10.81756 270.71824 4018.64000 0.00003 0.00000 -0.00000 0.00003 
0.35497 -3824.05129 8.56059 207.62972 3829.69000 0.00003 -0.00000 -0.00000 0.00003 
0.36408 -3645.56669 6.36074 149.48597 3648.64000 0.00003 -0.00001 -0.00000 0.00003 
0.37318 -3474.22842 4.23229 96.21268 3475.56000 0.00002 -0.00003 -0.00000 0.00003 
0.38228 -3310.19019 2.18815 47.69348 3310.53000 -0.00000 -0.00003 -0.00000 0.00003 
0.39138 -3153.43352 0.23964 3.77525 3153.44000 -0.00002 -0.00003 -0.00000 0.00003 
0.40048 -3004.24173 -1.60348 -35.72251 3004.45000 -0.00002 -0.00002 -0.00000 0.00003 
0.40959 -2861.45932 -3.33208 -70.98068 2862.34000 -0.00002 -0.00002 -0.00000 0.00003 
0.41869 -2728.86655 -4.94478 -102.32381 2730.79000 -0.00002 -0.00001 -0.00000 0.00002 
0.42779 -2591.77462 -6.40617 -129.35997 2595.01000 -0.00001 -0.00001 -0.00000 0.00001 
0.43689 -2506.52959 -7.86696 -155.39175 2511.35000 -0.00001 -0.00000 -0.00000 0.00001 
0.44599 -2535.85180 -9.65734 -186.90990 2542.75000 -0.00001 -0.00000 -0.00000 0.00001 
0.45510 -2547.25972 -11.40648 -216.63688 2556.48000 -0.00000 -0.00000 -0.00000 0.00001 
0.46420 -2563.12379 -13.18718 -246.08886 2574.94000 -0.00000 -0.00000 -0.00000 0.00000 
0.47330 -2577.49609 -14.96734 -274.75188 2592.14000 -0.00000 -0.00000 -0.00000 0.00000 
0.48240 -2591.89279 -16.74735 -302.72883 2609.57000 -0.00000 -0.00000 -0.00000 0.00000 
0.49150 -2605.86466 -18.51768 -329.93557 2626.73000 -0.00000 -0.00000 -0.00000 0.00000 
0.50060 -2619.48245 -20.27169 -356.34042 2643.69000 -0.00000 -0.00000 -0.00000 0.00000 
0.50971 -2632.68175 -22.00187 -381.89461 2660.33000 -0.00000 -0.00000 -0.00000 0.00000 
0.51881 -2645.43583 -23.70099 -406.55281 2676.60000 -0.00000 -0.00000 -0.00000 0.00000 
0.52791 -2657.71009 -25.36178 -430.26776 2692.43000 -0.00000 -0.00000 -0.00000 0.00000 
0.53701 -2669.47410 -26.97710 -452.99224 2707.77000 -0.00000 -0.00000 -0.00000 0.00000 
0.54611 -2680.69851 -28.53989 -474.67903 2722.55000 -0.00000 -0.00000 -0.00000 0.00000 
0.55522 -2691.35578 -30.04329 -495.28136 2736.71000 -0.00000 -0.00000 -0.00000 0.00000 
0.56432 -2701.42021 -31.48059 -514.75328 2750.21000 -0.00000 -0.00000 -0.00000 0.00000 
0.57342 -2710.86731 -32.84534 -533.04990 2762.97000 -0.00000 -0.00000 -0.00000 0.00000 
0.58252 -2719.67634 -34.13135 -550.12825 2774.97000 -0.00000 0.00000 -0.00000 0.00000 
0.59162 -2727.82078 -35.33267 -565.94569 2786.14000 -0.00000 0.00000 -0.00000 0.00000 
0.60073 -2735.30373 -36.44404 -580.46753 2796.45000 -0.00000 0.00000 0.00001 0.00001 
0.60983 -2742.02685 -37.45919 -593.63964 2805.80000 -0.00000 0.00000 -0.00000 0.00000 
0.61893 -2748.27537 -38.37751 -605.49346 2814.45000 -0.00000 0.00000 -0.00000 0.00000 
0.62803 -2752.92197 -39.17900 -615.75148 2821.22000 -0.00000 0.00000 -0.00000 0.00000 
0.63713 -2760.08447 -39.91897 -625.31346 2830.31000 -0.00000 0.00000 -0.00000 0.00000 
0.64624 -2754.42386 -40.37117 -630.67115 2825.99000 -0.00000 0.00000 0.00001 0.00001 
0.65534 -2802.08405 -41.50779 -647.00246 2876.11000 -0.00000 0.00000 -0.00000 0.00000 
0.66444 -2915.60421 -43.54091 -677.53677 2993.61000 -0.00000 0.00000 0.00000 0.00000 
0.67354 -3014.50039 -45.28559 -703.80660 3095.90000 -0.00000 -0.00000 0.00000 0.00000 
0.68264 -3116.37645 -47.00885 -729.95452 3201.07000 -0.00000 -0.00000 0.00000 0.00000 
0.69175 -3216.33938 -48.64439 -754.93095 3304.11000 -0.00000 -0.00000 0.00000 0.00000 
0.70085 -3318.15959 -50.25864 -779.73720 3408.91000 -0.00000 -0.00000 0.00000 0.00000 
0.70995 -3412.98372 -51.72898 -802.43620 3506.43000 -0.00000 -0.00000 0.00000 0.00000 
0.71905 -3533.37224 -53.56295 -830.84899 3630.14000 -0.00000 -0.00000 0.00000 0.00000 
0.72815 -3533.37807 -53.56134 -830.84943 3630.14000 -0.00000 -0.00000 0.00000 0.00000 
0.73725 -3413.00110 -51.72420 -802.43756 3506.45000 -0.00000 -0.00000 0.00000 0.00000 
0.74636 -3318.18801 -50.25074 -779.73940 3408.94000 -0.00000 -0.00000 0.00000 0.00000 
0.75546 -3216.37797 -48.63341 -754.93383 3304.15000 -0.00000 -0.00000 0.00000 0.00000 
0.76456 -3116.42389 -46.99482 -729.95778 3201.12000 -0.00000 -0.00000 0.00000 0.00000 
0.77366 -3014.55501 -45.26855 -703.80987 3095.96000 -0.00000 -0.00000 0.00000 0.00000 
0.78276 -2915.66402 -43.52087 -677.53955 2993.67000 -0.00000 -0.00000 -0.00000 0.00000 
0.79187 -2802.14688 -41.48480 -647.00427 2876.17000 0.00000 -0.00000 -0.00002 0.00002 
0.80097 -2754.48735 -40.34506 -630.67128 2826.05000 -0.00000 -0.00000 0.00000 0.00000 
0.81007 -2760.14644 -39.88956 -625.31122 2830.37000 0.00000 -0.00000 -0.00001 0.00001 
0.81917 -2752.98060 -39.14629 -615.74637 2821.27000 -0.00000 -0.00000 0.00000 0.00000 
0.82827 -2748.32916 -38.34146 -605.48505 2814.50000 -0.00000 -0.00000 0.00000 0.00000 
0.83737 -2742.07474 -37.41978 -593.62761 2805.85000 -0.00000 -0.00000 0.00000 0.00000 
0.84648 -2735.34505 -36.40127 -580.45165 2796.49000 -0.00000 -0.00000 0.00000 0.00000 
0.85558 -2727.85530 -35.28654 -565.92582 2786.16000 -0.00000 -0.00000 0.00000 0.00000 
0.86468 -2719.70416 -34.08187 -550.10434 2774.99000 -0.00000 -0.00000 0.00000 0.00000 
0.87378 -2710.88883 -32.79253 -533.02193 2762.99000 -0.00000 -0.00000 0.00000 0.00000 
0.88289 -2701.43606 -31.42449 -514.72128 2750.21000 -0.00000 -0.00000 0.00000 0.00000 
0.89199 -2691.36671 -29.98394 -495.24535 2736.72000 -0.00000 -0.00000 0.00000 0.00000 
0.90109 -2680.70534 -28.47736 -474.63904 2722.55000 -0.00000 -0.00000 0.00000 0.00000 
0.91019 -2669.47765 -26.91144 -452.94825 2707.77000 -0.00000 -0.00000 0.00000 0.00000 
0.91929 -2657.71110 -25.29309 -430.21973 2692.43000 -0.00000 -0.00000 0.00000 0.00000 
0.92839 -2645.43498 -23.62937 -406.50066 2676.59000 -0.00000 -0.00000 0.00000 0.00000 
0.93750 -2632.67959 -21.92744 -381.83821 2660.32000 -0.00000 -0.00000 -0.00000 0.00000 
0.94660 -2619.47940 -20.19458 -356.27960 2643.67000 -0.00000 -0.00000 -0.00000 0.00000 
0.95570 -2605.86102 -18.43807 -329.87011 2626.72000 -0.00000 -0.00000 -0.00000 0.00000 
0.96480 -2591.88871 -16.66545 -302.65850 2609.55000 -0.00000 -0.00000 -0.00000 0.00000 
0.97390 -2577.49163 -14.88337 -274.67640 2592.13000 -0.00000 -0.00000 -0.00000 0.00000 
0.98301 -2563.11889 -13.10144 -246.00796 2574.93000 0.00000 -0.00000 -0.00000 0.00000 
0.99211 -2547.25423 -11.31927 -216.55028 2556.47000 0.00000 -0.00000 -0.00000 0.00000 
1.00121 -2535.84554 -9.56901 -186.81727 2542.74000 -0.00000 0.00000 -0.00000 0.00000 
1.01031 -2506.52225 -7.77808 -155.29299 2511.34000 0.00000 -0.00000 -0.00000 0.00000 
1.01941 -2591.76616 -6.31616 -129.25374 2594.99000 0.00000 -0.00000 -0.00000 0.00000 
1.02851 -2728.85673 -4.85367 -102.20926 2730.77000 0.00000 -0.00000 -0.00000 0.00000 
1.03762 -2861.44778 -3.24055 -70.85749 2862.33000 0.00000 -0.00000 -0.00000 0.00000 
1.04672 -3004.22816 -1.51215 -35.59027 3004.44000 0.00000 -0.00000 -0.00000 0.00000 
1.05582 -3153.41767 0.32999 3.91687 3153.42000 0.00000 -0.00000 -0.00000 0.00000 
1.06492 -3310.17191 2.27668 47.84476 3310.52000 0.00000 -0.00000 -0.00000 0.00000 
1.07402 -3474.20767 4.31804 96.37381 3475.55000 0.00000 -0.00000 -0.00000 0.00000 
1.08313 -3645.54359 6.44263 149.65705 3648.62000 0.00000 -0.00000 -0.00000 0.00000 
1.09223 -3824.02617 8.63742 207.81073 3829.68000 0.00000 -0.00000 -0.00000 0.00000 
1.10133 -4009.47471 10.88808 270.90904 4018.63000 0.00000 -0.00000 -0.00000 0.00000 
1.11043 -4201.59842 13.17893 338.97185 4215.27000 0.00000 0.00000 -0.00000 0.00000 
1.11953 -4400.20009 15.49394 411.97295 4419.47000 0.00000 0.00000 -0.00000 0.00000 
1.12864 -4604.45316 17.81450 489.76558 4630.46000 0.00000 0.00000 -0.00000 0.00000 
1.13774 -4815.63555 20.13036 572.36445 4849.57000 0.00000 0.00000 -0.00000 0.00000 
1.14684 -5026.82621 22.39730 658.72188 5069.85000 0.00000 0.00000 -0.00000 0.00000 
1.15594 -5261.78069 24.70989 751.78919 5315.27000 0.00000 0.00000 -0.00000 0.00000 
1.16504 -5337.81485 26.17218 823.72379 5401.06000 0.00000 0.00000 -0.00000 0.00000 
1.17415 -5375.79746 27.30461 888.90387 5448.86000 0.00000 0.00000 -0.00000 0.00000 
1.18325 -5421.47356 28.33718 954.08392 5504.86000 0.00000 0.00000 -0.00000 0.00000 
1.19235 -5462.85654 29.21909 1017.22831 5556.83000 0.00000 0.00000 -0.00000 0.00000 
1.20145 -5503.19260 29.97682 1078.79546 5608.01000 0.00000 0.00000 -0.00000 0.00000 
1.21055 -5541.61074 30.61555 1138.52807 5657.44000 0.00000 0.00000 -0.00000 0.00000 
1.21965 -5578.35125 31.14646 1196.37613 5705.29000 0.00000 0.00000 -0.00000 0.00000 
1.22876 -5613.35367 31.57903 1252.23347 5751.42000 0.00001 0.00000 -0.00000 0.00001 
1.23786 -5646.63796 31.92310 1306.01286 5795.79000 0.00001 0.00000 -0.00000 0.00001 
1.24696 -5678.20166 32.18814 1357.62502 5838.33000 -0.00000 0.00001 -0.00000 0.00001 
1.25606 -5708.04769 32.38332 1406.98477 5878.98000 0.00002 0.00000 -0.00001 0.00002 
1.26516 -5736.17698 32.51740 1454.00954 5917.68000 0.00002 0.00000 -0.00001 0.00002 
1.27427 -5762.59056 32.59867 1498.62001 5954.36000 0.00003 0.00001 -0.00001 0.00004 
1.28337 -5787.28920 32.63491 1540.74017 5988.96000 0.00004 0.00001 -0.00001 0.00005 
1.29247 -5810.27356 32.63338 1580.29755 6021.44000 0.00005 0.00002 -0.00002 0.00005 
1.30157 -5831.54477 32.60082 1617.22341 6051.73000 0.00003 -0.00000 -0.00001 0.00003 
1.31067 -5851.10293 32.54348 1651.45271 6079.78000 -0.00001 -0.00003 -0.00000 0.00003 
1.31978 -5868.95268 32.46716 1682.92576 6105.56000 -0.00002 -0.00004 -0.00000 0.00004 
1.32888 -5885.08297 32.37724 1711.58248 6129.01000 -0.00002 -0.00002 -0.00000 0.00003 
1.33798 -5899.54375 32.27902 1737.38523 6150.14000 -0.00002 -0.00001 -0.00000 0.00002 
1.34708 -5912.15719 32.17624 1760.23388 6168.72000 -0.00001 -0.00001 -0.00000 0.00001 
1.35618 -5923.59849 32.07696 1780.28753 6185.42000 -0.00001 -0.00000 -0.00000 0.00001 
1.36529 -5931.35509 31.97172 1796.75151 6197.61000 -0.00000 -0.00000 -0.00000 0.00001 
1.37439 -5944.82648 31.91464 1812.44764 6215.06000 -0.00000 -0.00000 -0.00000 0.00000 
1.38349 -5756.19988 30.79974 1763.74976 6020.43000 -0.00000 -0.00000 -0.00000 0.00000 
1.39259 -5556.84383 29.65334 1709.06291 5813.80000 -0.00000 -0.00000 -0.00000 0.00000 
1.40169 -5358.31991 28.53339 1652.42954 5607.40000 -0.00000 -0.00000 -0.00000 0.00000 
1.41079 -5158.03491 27.42205 1593.52251 5398.65000 -0.00000 -0.00000 -0.00000 0.00000 
1.41990 -4957.11777 26.32133 1533.11921 5188.85000 -0.00000 -0.00000 -0.00000 0.00000 
1.42900 -4755.63326 25.22773 1471.62788 4978.19000 -0.00000 -0.00000 -0.00000 0.00000 
1.43810 -4553.86543 24.13923 1409.48196 4767.07000 -0.00000 -0.00000 -0.00000 0.00000 
1.44720 -4351.97358 23.05351 1347.03305 4555.73000 -0.00000 -0.00000 -0.00000 0.00000 