Time(s) Force[Z](Spherical:9)-ArfadaCaso1.iaa(N) Force[Y](Spherical:9)-ArfadaCaso1.iaa(N) Force[X](Spherical:9)-ArfadaCaso1.iaa(N) Force(Spherical:9)-ArfadaCaso1.iaa(N) Moment[Z](Spherical:9)-ArfadaCaso1.iaa(N.mm) Moment[Y](Spherical:9)-ArfadaCaso1.iaa(N.mm) Moment[X](Spherical:9)-ArfadaCaso1.iaa(N.mm) Moment(Spherical:9)-ArfadaCaso1.iaa(N.mm) 
0.00000 -771.08649 1.30291 324.88638 836.73600 -0.00000 0.00005 -0.00000 0.00005 
0.00402 -820.22024 1.38591 345.57442 890.04800 -0.00000 0.00000 0.00000 0.00000 
0.00803 -869.44842 1.46905 366.25191 943.44220 -0.00000 0.00000 0.00000 0.00000 
0.01205 -918.79354 1.55231 386.86771 996.92100 -0.00000 0.00000 0.00000 0.00000 
0.01606 -968.25646 1.63567 407.35033 1050.46000 -0.00000 0.00000 0.00000 0.00000 
0.02008 -1017.92498 1.71921 427.65356 1104.11000 -0.00000 0.00000 0.00000 0.00000 
0.02410 -1067.55944 1.80248 447.58239 1157.59000 -0.00000 0.00000 0.00000 0.00000 
0.02811 -1118.17896 1.88713 467.45795 1211.96000 -0.00000 0.00000 0.00000 0.00000 
0.03213 -1165.92195 1.96658 485.55120 1262.99000 -0.00000 0.00000 0.00000 0.00000 
0.03614 -1164.58210 1.96291 482.62072 1260.63000 -0.00000 0.00000 0.00000 0.00000 
0.04016 -1165.86512 1.96335 480.25652 1260.91000 -0.00000 0.00000 0.00000 0.00000 
0.04418 -1166.57616 1.96253 477.13267 1260.38000 -0.00000 0.00000 0.00000 0.00000 
0.04819 -1167.61189 1.96196 473.61968 1260.01000 -0.00000 0.00000 0.00000 0.00000 
0.05221 -1168.71443 1.96122 469.61220 1259.54000 -0.00000 0.00000 0.00000 0.00000 
0.05622 -1169.95334 1.96043 465.13895 1259.03000 -0.00000 0.00000 0.00000 0.00000 
0.06024 -1171.30412 1.95956 460.19046 1258.46000 -0.00000 0.00000 0.00000 0.00000 
0.06426 -1172.76870 1.95861 454.76795 1257.86000 -0.00000 0.00000 0.00000 0.00000 
0.06827 -1174.34078 1.95760 448.86935 1257.20000 -0.00000 0.00000 0.00000 0.00000 
0.07229 -1176.01588 1.95653 442.49330 1256.51000 -0.00000 0.00000 0.00000 0.00000 
0.07630 -1177.78831 1.95539 435.63800 1255.77000 -0.00000 0.00000 0.00000 0.00000 
0.08032 -1179.65212 1.95419 428.30150 1255.00000 -0.00000 0.00000 0.00000 0.00000 
0.08434 -1181.60069 1.95293 420.48162 1254.19000 -0.00000 0.00000 0.00000 0.00000 
0.08835 -1183.62694 1.95162 412.17594 1253.34000 -0.00000 0.00000 0.00000 0.00000 
0.09237 -1185.72305 1.95025 403.38178 1252.46000 -0.00000 0.00000 0.00000 0.00000 
0.09638 -1187.88089 1.94884 394.09631 1251.55000 -0.00000 0.00000 0.00000 0.00000 
0.10040 -1190.09086 1.94738 384.31614 1250.61000 -0.00000 0.00000 0.00000 0.00000 
0.10442 -1192.34441 1.94588 374.03820 1249.64000 -0.00000 0.00000 0.00000 0.00000 
0.10843 -1194.63107 1.94434 363.25872 1248.64000 -0.00000 0.00000 0.00000 0.00000 
0.11245 -1196.92318 1.94273 351.96885 1247.60000 -0.00000 0.00000 0.00000 0.00000 
0.11646 -1199.33307 1.94126 340.19999 1246.65000 -0.00000 0.00000 0.00000 0.00000 
0.12048 -1201.14644 1.93879 327.75281 1245.06000 -0.00000 0.00000 0.00000 0.00000 
0.12450 -1205.85717 1.94099 315.55992 1246.46000 -0.00000 0.00000 0.00000 0.00000 
0.12851 -1196.52641 1.92063 299.28222 1233.39000 -0.00000 0.00000 0.00001 0.00001 
0.13253 -1141.41913 1.82716 271.87963 1173.35000 -0.00000 0.00000 0.00000 0.00000 
0.13654 -1094.80025 1.74783 247.35813 1122.40000 -0.00000 0.00000 0.00000 0.00000 
0.14056 -1045.44753 1.66467 223.10839 1068.99000 -0.00000 0.00000 0.00000 0.00000 
0.14458 -996.83440 1.58327 200.01988 1016.71000 -0.00000 0.00000 -0.00000 0.00000 
0.14859 -947.87947 1.50188 177.93967 964.43800 0.00000 0.00000 -0.00000 0.00000 
0.15261 -898.88917 1.42101 157.00309 912.49900 0.00000 0.00000 0.00000 0.00000 
0.15663 -849.75946 1.34047 137.25344 860.77400 0.00000 0.00000 -0.00000 0.00000 
0.16064 -800.51105 1.26028 118.74849 809.27200 0.00000 0.00000 -0.00000 0.00000 
0.16466 -751.13084 1.18038 101.53114 757.96300 0.00000 0.00000 -0.00000 0.00001 
0.16867 -701.62280 1.10076 85.63791 706.83100 0.00001 0.00000 -0.00000 0.00001 
0.17269 -651.96783 1.02134 71.09358 655.83300 0.00001 0.00000 -0.00000 0.00001 
0.17671 -602.24507 0.94222 57.92434 605.02500 0.00002 0.00001 -0.00000 0.00002 
0.18072 -552.13046 0.86284 46.10964 554.05300 0.00002 0.00001 -0.00000 0.00002 
0.18474 -502.94479 0.78522 35.75276 504.21500 0.00003 0.00001 -0.00000 0.00004 
0.18875 -449.47198 0.70118 26.49772 450.25300 0.00006 0.00002 -0.00000 0.00006 
0.19277 -413.42207 0.64453 19.49761 413.88208 0.00010 0.00003 -0.00000 0.00010 
0.19679 -419.94721 0.65438 15.01443 420.21600 0.00017 0.00006 -0.00001 0.00019 
0.20080 -419.22424 0.65303 10.36651 419.35300 0.00043 0.00013 -0.00001 0.00044 
0.20482 -420.39011 0.65471 5.92238 420.43200 0.00124 0.00027 -0.00002 0.00127 
0.20883 -420.94912 0.65552 1.61378 420.95300 0.00253 -0.00211 0.00000 0.00329 
0.21285 -421.58227 0.65648 -2.54322 421.59000 -0.00206 -0.00146 -0.00003 0.00252 
0.21687 -422.11338 0.65736 -6.54643 422.16500 -0.00122 -0.00040 0.00078 0.00150 
0.22088 -422.59485 0.65820 -10.39248 422.72300 -0.00033 -0.00015 -0.00001 0.00036 
0.22490 -423.01861 0.65898 -14.07787 423.25300 -0.00012 -0.00006 -0.00001 0.00013 
0.22891 -423.39223 0.65973 -17.59948 423.75800 -0.00007 -0.00003 -0.00000 0.00007 
0.23293 -423.71906 0.66043 -20.95422 424.23700 -0.00004 -0.00002 -0.00000 0.00005 
0.23695 -424.00335 0.66110 -24.13921 424.69046 -0.00003 -0.00001 -0.00000 0.00003 
0.24096 -424.24898 0.66172 -27.15167 425.11700 -0.00002 -0.00001 -0.00000 0.00002 
0.24498 -424.45965 0.66230 -29.98899 425.51825 -0.00002 -0.00001 -0.00000 0.00002 
0.24899 -424.63905 0.66284 -32.64873 425.89300 -0.00001 -0.00000 -0.00000 0.00001 
0.25301 -424.79026 0.66334 -35.12856 426.24100 -0.00001 -0.00000 -0.00000 0.00001 
0.25703 -424.91757 0.66380 -37.42642 426.56300 -0.00001 -0.00000 -0.00000 0.00001 
0.26104 -425.02029 0.66422 -39.53999 426.85600 -0.00001 -0.00000 -0.00000 0.00001 
0.26506 -425.11440 0.66460 -41.46868 427.13269 -0.00001 -0.00000 -0.00000 0.00001 
0.26908 -425.15545 0.66489 -43.20619 427.34600 -0.00001 -0.00000 -0.00000 0.00001 
0.27309 -425.31454 0.66535 -44.76831 427.66500 -0.00001 -0.00000 -0.00000 0.00001 
0.27711 -424.98686 0.66502 -46.08939 427.47900 -0.00001 -0.00000 -0.00000 0.00001 
0.28112 -426.36520 0.66733 -47.40700 428.99300 -0.00001 -0.00000 -0.00000 0.00001 
0.28514 -421.51064 0.65985 -47.83434 424.21700 -0.00001 -0.00000 -0.00000 0.00001 
0.28915 -443.91529 0.69505 -51.18410 446.85700 -0.00001 -0.00000 -0.00000 0.00001 
0.29317 -500.71970 0.78412 -58.41881 504.11700 -0.00000 -0.00000 -0.00000 0.00000 
0.29719 -550.75317 0.86257 -64.81095 554.55400 -0.00000 -0.00000 -0.00000 0.00000 
0.30120 -602.57331 0.94380 -71.32804 606.78100 -0.00000 0.00000 -0.00000 0.00000 
0.30522 -653.64009 1.02383 -77.66124 658.23800 -0.00000 0.00000 -0.00000 0.00000 
0.30923 -705.73612 1.10544 -84.02212 710.72100 -0.00000 0.00000 -0.00000 0.00000 
0.31325 -754.26963 1.18145 -89.87749 759.60700 -0.00000 0.00000 -0.00000 0.00000 
0.31727 -815.83717 1.27786 -97.22564 821.61100 -0.00000 0.00000 -0.00000 0.00000 
0.32128 -815.83717 1.27780 -97.22564 821.61100 -0.00000 0.00000 -0.00000 0.00000 
0.32530 -754.26963 1.18126 -89.87749 759.60700 -0.00000 0.00000 -0.00000 0.00000 
0.32932 -705.73612 1.10514 -84.02211 710.72100 -0.00000 0.00000 -0.00000 0.00000 
0.33333 -653.64009 1.02343 -77.66124 658.23800 -0.00000 0.00000 -0.00000 0.00000 
0.33735 -602.57331 0.94332 -71.32803 606.78100 -0.00000 0.00000 -0.00000 0.00000 
0.34136 -550.75317 0.86202 -64.81093 554.55400 -0.00000 0.00000 -0.00000 0.00000 
0.34538 -500.71970 0.78351 -58.41880 504.11700 -0.00000 0.00000 -0.00000 0.00000 
0.34940 -443.91529 0.69440 -51.18409 446.85700 -0.00000 0.00000 -0.00000 0.00000 
0.35341 -421.51064 0.65914 -47.83432 424.21700 -0.00001 0.00000 -0.00000 0.00001 
0.35743 -426.36521 0.66653 -47.40698 428.99300 0.00002 -0.00000 -0.00000 0.00002 
0.36144 -424.98686 0.66414 -46.08937 427.47900 -0.00001 0.00000 -0.00000 0.00001 
0.36546 -425.31454 0.66439 -44.76828 427.66500 -0.00001 0.00000 -0.00000 0.00001 
0.36948 -425.15546 0.66385 -43.20617 427.34600 -0.00001 0.00000 -0.00000 0.00001 
0.37349 -425.11440 0.66349 -41.46865 427.13269 -0.00000 0.00000 -0.00000 0.00001 
0.37751 -425.02030 0.66302 -39.53995 426.85600 -0.00000 0.00000 -0.00000 0.00001 
0.38152 -424.91757 0.66253 -37.42638 426.56300 -0.00000 0.00000 -0.00000 0.00000 
0.38554 -424.79027 0.66199 -35.12852 426.24100 -0.00000 0.00000 -0.00000 0.00000 
0.38956 -424.63905 0.66142 -32.64869 425.89300 -0.00000 0.00000 -0.00000 0.00000 
0.39357 -424.45965 0.66081 -29.98895 425.51825 -0.00000 0.00000 -0.00000 0.00000 
0.39759 -424.24898 0.66015 -27.15162 425.11700 0.00000 0.00001 0.00000 0.00001 
0.40160 -424.00335 0.65946 -24.13916 424.69046 0.00000 0.00001 0.00000 0.00001 
0.40562 -423.71906 0.65873 -20.95418 424.23700 0.00002 0.00001 0.00000 0.00002 
0.40964 -423.39223 0.65796 -17.59943 423.75800 0.00003 0.00003 0.00000 0.00004 
0.41365 -423.01860 0.65716 -14.07782 423.25300 0.00007 0.00005 0.00000 0.00009 
0.41767 -422.59484 0.65631 -10.39242 422.72300 0.00022 0.00012 0.00000 0.00025 
0.42168 -422.11336 0.65543 -6.54637 422.16500 0.00088 0.00037 0.00001 0.00096 
0.42570 -421.58225 0.65454 -2.54315 421.59000 0.00494 -0.00015 0.00003 0.00494 
0.42972 -420.94912 0.65350 1.61382 420.95300 -0.00454 -0.00329 -0.00013 0.00561 
0.43373 -420.39011 0.65274 5.92241 420.43200 -0.00106 -0.00048 0.00002 0.00116 
0.43775 -419.22424 0.65110 10.36655 419.35300 -0.00027 -0.00012 -0.00009 0.00031 
0.44177 -419.94720 0.65247 15.01447 420.21600 -0.00012 -0.00005 0.00000 0.00013 
0.44578 -413.42206 0.64266 19.49764 413.88208 -0.00005 -0.00002 0.00000 0.00005 
0.44980 -449.47197 0.69918 26.49775 450.25300 -0.00002 -0.00001 0.00000 0.00003 
0.45381 -502.94477 0.78300 35.75280 504.21500 -0.00001 -0.00001 0.00000 0.00001 
0.45783 -552.13045 0.86040 46.10968 554.05300 -0.00001 -0.00000 0.00000 0.00001 
0.46185 -602.24505 0.93956 57.92439 605.02500 -0.00001 -0.00000 0.00000 0.00001 
0.46586 -651.96781 1.01845 71.09363 655.83300 -0.00000 -0.00000 0.00000 0.00000 
0.46988 -701.62277 1.09762 85.63796 706.83100 -0.00000 -0.00000 0.00000 0.00000 
0.47389 -751.13081 1.17699 101.53120 757.96300 -0.00000 -0.00000 0.00000 0.00000 
0.47791 -800.51102 1.25661 118.74856 809.27200 -0.00000 -0.00000 0.00000 0.00000 
0.48192 -849.75943 1.33653 137.25351 860.77400 -0.00000 -0.00000 0.00000 0.00000 
0.48594 -898.88914 1.41677 157.00317 912.49900 -0.00000 -0.00000 0.00000 0.00000 
0.48996 -947.87943 1.49733 177.93975 964.43800 -0.00000 -0.00000 0.00000 0.00000 
0.49397 -996.83437 1.57839 200.01997 1016.71000 -0.00000 -0.00000 0.00000 0.00000 
0.49799 -1045.44749 1.65946 223.10849 1068.99000 -0.00000 0.00000 0.00000 0.00000 
0.50201 -1094.80021 1.74225 247.35824 1122.40000 -0.00000 0.00000 0.00000 0.00000 
0.50602 -1141.41909 1.82122 271.87975 1173.35000 -0.00000 0.00000 0.00000 0.00000 
0.51004 -1196.52637 1.91428 299.28235 1233.39000 -0.00000 0.00000 0.00000 0.00000 
0.51405 -1205.85713 1.93448 315.56005 1246.46000 -0.00000 0.00000 0.00000 0.00000 
0.51807 -1201.14640 1.93218 327.75294 1245.06000 -0.00000 0.00000 0.00000 0.00000 
0.52209 -1199.33302 1.93451 340.20013 1246.65000 -0.00000 0.00000 0.00000 0.00000 
0.52610 -1196.92313 1.93586 351.96899 1247.60000 -0.00000 0.00000 0.00000 0.00000 
0.53012 -1194.63102 1.93734 363.25887 1248.64000 -0.00000 0.00000 0.00000 0.00000 
0.53413 -1192.34436 1.93874 374.03836 1249.64000 -0.00000 0.00000 0.00000 0.00000 
0.53815 -1190.09080 1.94011 384.31630 1250.61000 -0.00000 0.00000 0.00000 0.00000 
0.54217 -1187.88084 1.94142 394.09648 1251.55000 -0.00000 0.00000 0.00000 0.00000 
0.54618 -1185.72299 1.94268 403.38196 1252.46000 -0.00000 0.00000 0.00000 0.00000 
0.55020 -1183.62688 1.94389 412.17612 1253.34000 -0.00000 0.00000 0.00000 0.00000 
0.55421 -1181.60063 1.94504 420.48181 1254.19000 -0.00000 0.00000 0.00000 0.00000 
0.55823 -1179.65205 1.94613 428.30170 1255.00000 -0.00000 0.00000 0.00000 0.00000 
0.56225 -1177.78824 1.94716 435.63820 1255.77000 -0.00000 0.00000 0.00000 0.00000 
0.56626 -1176.01580 1.94812 442.49351 1256.51000 -0.00000 0.00000 0.00000 0.00000 
0.57028 -1174.34070 1.94901 448.86957 1257.20000 -0.00000 0.00000 0.00000 0.00000 
0.57429 -1172.76861 1.94983 454.76818 1257.86000 -0.00000 0.00000 0.00000 0.00000 
0.57831 -1171.30403 1.95058 460.19071 1258.46000 -0.00000 0.00000 0.00000 0.00000 
0.58233 -1169.95324 1.95125 465.13920 1259.03000 -0.00000 0.00000 0.00000 0.00000 
0.58634 -1168.71432 1.95183 469.61247 1259.54000 -0.00000 0.00000 0.00000 0.00000 
0.59036 -1167.61178 1.95235 473.61996 1260.01000 -0.00000 0.00000 0.00000 0.00000 
0.59437 -1166.57605 1.95269 477.13297 1260.38000 -0.00000 0.00000 0.00000 0.00000 
0.59839 -1165.86499 1.95328 480.25682 1260.91000 -0.00000 0.00000 0.00000 0.00000 
0.60241 -1164.58197 1.95261 482.62104 1260.63000 -0.00000 0.00000 0.00000 0.00000 
0.60642 -1165.92181 1.95603 485.55154 1262.99000 -0.00000 0.00000 0.00000 0.00000 
0.61044 -1118.17882 1.87679 467.45829 1211.96000 -0.00000 0.00000 0.00000 0.00000 
0.61445 -1067.55930 1.79240 447.58273 1157.59000 -0.00000 0.00000 0.00000 0.00000 
0.61847 -1017.92484 1.70940 427.65390 1104.11000 -0.00000 0.00000 0.00000 0.00000 
0.62249 -968.25631 1.62614 407.35067 1050.46000 -0.00000 0.00000 0.00000 0.00000 
0.62650 -918.79339 1.54309 386.86805 996.92100 -0.00000 0.00000 0.00000 0.00000 
0.63052 -869.44826 1.46015 366.25225 943.44200 -0.00000 0.00000 0.00000 0.00000 
0.63453 -820.22009 1.37737 345.57476 890.04800 -0.00000 0.00000 0.00000 0.00000 
0.63855 -771.08907 1.29473 324.88787 836.73900 -0.00000 0.00000 0.00000 0.00000 
