Time(s) Force(Spherical:5)-ArfadaCaso1.iaa(N) Force[X](Spherical:5)-ArfadaCaso1.iaa(N) Force[Y](Spherical:5)-ArfadaCaso1.iaa(N) Force[Z](Spherical:5)-ArfadaCaso1.iaa(N) Moment(Spherical:5)-ArfadaCaso1.iaa(N.mm) Moment[X](Spherical:5)-ArfadaCaso1.iaa(N.mm) Moment[Y](Spherical:5)-ArfadaCaso1.iaa(N.mm) Moment[Z](Spherical:5)-ArfadaCaso1.iaa(N.mm) 
0.00000 771.36200 299.48057 1.20099 -710.85101 0.00000 0.00000 0.00000 0.00000 
0.00402 820.56100 318.57091 1.27758 -756.19529 0.00000 0.00000 0.00000 0.00000 
0.00803 869.84300 337.65399 1.35431 -801.63247 0.00000 0.00000 0.00000 0.00000 
0.01205 919.20813 356.68253 1.43116 -847.18304 0.00000 0.00000 0.00000 0.00000 
0.01606 968.63100 375.59019 1.50810 -892.84684 0.00000 0.00000 0.00000 0.00000 
0.02008 1018.17000 394.33451 1.58523 -938.70525 0.00000 0.00000 0.00000 0.00000 
0.02410 1067.55000 412.73300 1.66210 -984.53101 0.00000 0.00000 0.00000 0.00000 
0.02811 1117.76000 431.09011 1.74028 -1031.28396 0.00000 0.00000 0.00000 0.00000 
0.03213 1164.82000 447.77261 1.81354 -1075.31016 0.00000 0.00000 0.00000 0.00000 
0.03614 1162.57000 445.04462 1.81004 -1074.01304 0.00000 0.00000 0.00000 0.00000 
0.04016 1162.82000 442.85919 1.81043 -1075.18350 0.00000 0.00000 0.00000 0.00000 
0.04418 1162.29000 439.96465 1.80962 -1075.80532 0.00000 0.00000 0.00000 0.00000 
0.04819 1161.92000 436.71189 1.80904 -1076.72752 0.00000 0.00000 0.00000 0.00000 
0.05221 1161.44000 433.00101 1.80829 -1077.70542 0.00000 0.00000 0.00000 0.00000 
0.05622 1160.92000 428.85955 1.80749 -1078.80550 0.00000 0.00000 0.00000 0.00000 
0.06024 1160.36000 424.27867 1.80661 -1080.00458 0.00000 0.00000 0.00000 0.00000 
0.06426 1159.74000 419.25971 1.80566 -1081.30479 0.00000 0.00000 0.00000 0.00000 
0.06827 1159.08000 413.80094 1.80464 -1082.70042 0.00000 0.00000 0.00000 0.00000 
0.07229 1158.38000 407.90130 1.80355 -1084.18749 0.00000 0.00000 0.00000 0.00000 
0.07630 1157.64000 401.55932 1.80240 -1085.76093 0.00000 0.00000 0.00000 0.00000 
0.08032 1156.86000 394.77340 1.80119 -1087.41541 0.00000 0.00000 0.00000 0.00000 
0.08434 1156.04000 387.54173 1.79993 -1089.14502 0.00000 0.00000 0.00000 0.00000 
0.08835 1155.19000 379.86231 1.79860 -1090.94339 0.00000 0.00000 0.00000 0.00000 
0.09237 1154.30000 371.73287 1.79723 -1092.80350 0.00000 0.00000 0.00000 0.00000 
0.09638 1153.38000 363.15101 1.79581 -1094.71809 0.00000 0.00000 0.00000 0.00000 
0.10040 1152.43000 354.11378 1.79434 -1096.67834 0.00000 0.00000 0.00000 0.00000 
0.10442 1151.46000 344.61871 1.79283 -1098.67703 0.00000 0.00000 0.00000 0.00000 
0.10843 1150.46000 334.66211 1.79128 -1100.70333 0.00000 0.00000 0.00000 0.00000 
0.11245 1149.42000 324.23716 1.78967 -1102.73571 0.00000 0.00000 0.00000 0.00000 
0.11646 1148.45000 313.37027 1.78818 -1104.86861 0.00000 0.00000 0.00000 0.00000 
0.12048 1146.90000 301.88269 1.78578 -1106.46039 0.00000 0.00000 0.00000 0.00000 
0.12450 1148.13000 290.63527 1.78771 -1110.73741 0.00000 0.00000 0.00000 0.00000 
0.12851 1135.74000 275.55792 1.76842 -1101.80463 0.00000 0.00000 0.00000 0.00000 
0.13253 1080.18000 250.26320 1.68193 -1050.79202 0.00000 0.00000 0.00000 0.00000 
0.13654 1033.25000 227.68561 1.60886 -1007.85148 0.00000 0.00000 0.00000 0.00000 
0.14056 983.99000 205.34383 1.53218 -962.32466 0.00000 0.00000 0.00000 0.00000 
0.14458 935.81900 184.08441 1.45718 -917.53393 0.00000 0.00000 0.00000 0.00000 
0.14859 887.67600 163.75609 1.38223 -872.43914 0.00000 0.00000 0.00000 -0.00000 
0.15261 839.85800 144.48533 1.30778 -827.33543 0.00000 0.00000 0.00000 -0.00000 
0.15663 792.25600 126.31007 1.23367 -782.12108 0.00000 0.00000 0.00000 -0.00000 
0.16064 744.87600 109.28278 1.15990 -736.81487 0.00000 0.00000 0.00000 -0.00000 
0.16466 697.68900 93.44195 1.08643 -691.40266 0.00000 0.00000 0.00000 0.00000 
0.16867 650.67800 78.82035 1.01323 -645.88602 0.00000 0.00000 0.00000 0.00000 
0.17269 603.80300 65.44015 0.94024 -600.24605 0.00000 0.00000 -0.00000 -0.00000 
0.17671 557.11000 53.32462 0.86753 -554.55151 0.00000 0.00000 -0.00000 -0.00000 
0.18072 510.27600 42.45482 0.79460 -508.50659 0.00000 0.00000 0.00000 0.00000 
0.18474 464.48400 32.92463 0.72329 -463.31523 0.00000 -0.00000 0.00000 0.00000 
0.18875 414.90564 24.40725 0.64608 -414.18664 0.00000 0.00000 -0.00000 -0.00000 
0.19277 381.54300 17.96412 0.59413 -381.11926 0.00000 0.00000 -0.00000 -0.00000 
0.19679 387.45600 13.83319 0.60333 -387.20802 0.00000 -0.00000 0.00000 0.00000 
0.20080 386.71300 9.54842 0.60216 -386.59454 0.00000 -0.00000 -0.00000 -0.00000 
0.20482 387.76800 5.45051 0.60380 -387.72895 0.00000 0.00000 -0.00000 -0.00000 
0.20883 388.30200 1.47639 0.60463 -388.29916 0.00000 0.00000 -0.00000 -0.00000 
0.21285 388.94400 -2.35898 0.60562 -388.93640 0.00000 0.00000 0.00000 -0.00000 
0.21687 389.52500 -6.05344 0.60652 -389.47733 0.00001 -0.00000 0.00000 -0.00000 
0.22088 390.08900 -9.60375 0.60740 -389.97039 0.00000 0.00000 0.00000 -0.00000 
0.22490 390.62500 -13.00658 0.60823 -390.40808 0.00000 -0.00000 0.00000 -0.00000 
0.22891 391.13600 -16.25894 0.60903 -390.79734 0.00000 -0.00000 -0.00000 0.00000 
0.23293 391.62000 -19.35787 0.60978 -391.14122 0.00000 0.00000 0.00000 -0.00000 
0.23695 392.07900 -22.30059 0.61050 -391.44363 0.00000 0.00000 0.00000 -0.00000 
0.24096 392.51100 -25.08446 0.61117 -391.70809 0.00000 0.00000 0.00000 -0.00000 
0.24498 392.91700 -27.70696 0.61180 -391.93803 0.00000 0.00000 -0.00000 0.00000 
0.24899 393.29600 -30.16574 0.61239 -392.13680 0.00000 0.00000 0.00000 -0.00000 
0.25301 393.64800 -32.45857 0.61294 -392.30725 0.00000 0.00000 -0.00000 0.00000 
0.25703 393.97500 -34.58347 0.61345 -392.45331 0.00000 0.00000 0.00000 -0.00000 
0.26104 394.27100 -36.53822 0.61392 -392.57429 0.00000 0.00000 0.00000 -0.00000 
0.26506 394.55100 -38.32221 0.61436 -392.68508 0.00000 0.00000 -0.00000 0.00000 
0.26908 394.76900 -39.92952 0.61470 -392.74422 0.00000 0.00000 0.00000 -0.00000 
0.27309 395.08400 -41.37478 0.61519 -392.91076 0.00000 0.00000 0.00000 -0.00000 
0.27711 394.92800 -42.59707 0.61495 -392.62386 0.00000 0.00000 0.00000 0.00000 
0.28112 396.34200 -43.81608 0.61716 -393.91165 0.00000 0.00000 0.00000 -0.00000 
0.28514 391.95100 -44.21342 0.61032 -389.44845 0.00000 0.00000 -0.00000 0.00000 
0.28915 412.78800 -47.29950 0.64278 -410.06833 0.00000 0.00000 0.00000 0.00000 
0.29317 465.52400 -53.96517 0.72493 -462.38504 0.00000 0.00000 0.00000 -0.00000 
0.29719 511.98600 -59.85524 0.79731 -508.47410 0.00000 0.00000 0.00000 -0.00000 
0.30120 560.08500 -65.85882 0.87223 -556.19847 0.00000 0.00000 0.00000 -0.00000 
0.30522 607.47300 -71.69250 0.94606 -603.22736 0.00000 0.00000 0.00000 0.00000 
0.30923 655.80200 -77.55090 1.02134 -651.19974 0.00000 0.00000 0.00000 -0.00000 
0.31325 700.81500 -82.94327 1.09147 -695.88905 0.00000 0.00000 0.00000 0.00000 
0.31727 757.90400 -89.70968 1.18040 -752.57541 0.00000 0.00000 0.00000 0.00000 
0.32128 757.90400 -89.70968 1.18041 -752.57541 0.00000 0.00000 0.00000 0.00000 
0.32530 700.81500 -82.94327 1.09150 -695.88905 0.00000 0.00000 0.00000 -0.00000 
0.32932 655.80200 -77.55090 1.02139 -651.19974 0.00000 0.00000 0.00000 0.00000 
0.33333 607.47300 -71.69250 0.94612 -603.22736 0.00000 0.00000 0.00000 -0.00000 
0.33735 560.08500 -65.85882 0.87231 -556.19847 0.00000 0.00000 0.00000 0.00000 
0.34136 511.98600 -59.85524 0.79739 -508.47410 0.00000 0.00000 -0.00000 0.00000 
0.34538 465.52400 -53.96517 0.72502 -462.38504 0.00000 0.00000 0.00000 0.00000 
0.34940 412.78800 -47.29950 0.64288 -410.06832 0.00000 0.00000 0.00000 0.00000 
0.35341 391.95100 -44.21342 0.61043 -389.44845 0.00000 0.00000 0.00000 0.00000 
0.35743 396.34200 -43.81608 0.61728 -393.91165 0.00000 0.00000 -0.00000 0.00000 
0.36144 394.92800 -42.59707 0.61508 -392.62386 0.00000 0.00000 0.00000 -0.00000 
0.36546 395.08400 -41.37478 0.61533 -392.91076 0.00000 0.00000 0.00000 0.00000 
0.36948 394.76900 -39.92952 0.61485 -392.74422 0.00000 0.00000 0.00000 -0.00000 
0.37349 394.55100 -38.32221 0.61452 -392.68508 0.00000 0.00000 -0.00000 0.00000 
0.37751 394.27100 -36.53822 0.61410 -392.57429 0.00000 0.00000 0.00000 -0.00000 
0.38152 393.97500 -34.58347 0.61364 -392.45331 0.00000 0.00000 -0.00000 0.00000 
0.38554 393.64800 -32.45857 0.61314 -392.30725 0.00000 0.00000 0.00000 -0.00000 
0.38956 393.29600 -30.16574 0.61260 -392.13680 0.00000 0.00000 0.00000 -0.00000 
0.39357 392.91700 -27.70696 0.61202 -391.93803 0.00000 0.00000 -0.00000 0.00000 
0.39759 392.51100 -25.08446 0.61140 -391.70809 0.00000 0.00000 -0.00000 0.00000 
0.40160 392.07900 -22.30059 0.61074 -391.44363 0.00000 0.00000 -0.00000 0.00000 
0.40562 391.62000 -19.35787 0.61004 -391.14122 0.00000 -0.00000 -0.00000 0.00000 
0.40964 391.13600 -16.25894 0.60929 -390.79734 0.00000 -0.00000 -0.00000 0.00000 
0.41365 390.62500 -13.00659 0.60851 -390.40808 0.00000 0.00000 0.00000 -0.00000 
0.41767 390.08900 -9.60375 0.60768 -389.97039 0.00000 -0.00000 0.00000 -0.00000 
0.42168 389.52500 -6.05344 0.60681 -389.47733 0.00000 0.00000 0.00000 -0.00000 
0.42570 388.94400 -2.35898 0.60592 -388.93642 0.00001 0.00000 -0.00001 0.00000 
0.42972 388.30200 1.47638 0.60493 -388.29916 0.00001 0.00000 -0.00001 -0.00000 
0.43373 387.76800 5.45051 0.60411 -387.72895 0.00000 -0.00000 -0.00000 -0.00000 
0.43775 386.71300 9.54842 0.60248 -386.59455 0.00001 -0.00000 0.00000 0.00001 
0.44177 387.45600 13.83319 0.60364 -387.20802 0.00000 0.00000 -0.00000 -0.00000 
0.44578 381.54300 17.96412 0.59444 -381.11927 0.00000 0.00000 -0.00000 -0.00000 
0.44980 414.90567 24.40725 0.64643 -414.18665 0.00000 0.00000 0.00000 0.00000 
0.45381 464.48400 32.92463 0.72369 -463.31524 0.00000 0.00000 0.00000 0.00000 
0.45783 510.27600 42.45483 0.79505 -508.50661 0.00000 0.00000 0.00000 0.00000 
0.46185 557.11000 53.32462 0.86803 -554.55153 0.00000 0.00000 0.00000 0.00000 
0.46586 603.80300 65.44015 0.94079 -600.24607 0.00000 0.00000 -0.00000 -0.00000 
0.46988 650.67800 78.82035 1.01384 -645.88604 0.00000 0.00000 -0.00000 -0.00000 
0.47389 697.68900 93.44195 1.08710 -691.40269 0.00000 0.00000 0.00000 0.00000 
0.47791 744.87600 109.28278 1.16064 -736.81490 0.00000 0.00000 0.00000 -0.00000 
0.48192 792.25600 126.31008 1.23448 -782.12111 0.00000 0.00000 0.00000 0.00000 
0.48594 839.85800 144.48533 1.30867 -827.33546 0.00000 0.00000 0.00000 0.00000 
0.48996 887.67600 163.75610 1.38320 -872.43917 0.00000 0.00000 0.00000 0.00000 
0.49397 935.81900 184.08442 1.45824 -917.53397 0.00000 0.00000 0.00000 0.00000 
0.49799 983.99000 205.34384 1.53332 -962.32469 0.00000 0.00000 0.00000 0.00000 
0.50201 1033.25000 227.68561 1.61011 -1007.85151 0.00000 0.00000 0.00000 0.00000 
0.50602 1080.18000 250.26321 1.68327 -1050.79205 0.00000 0.00000 0.00000 0.00000 
0.51004 1135.74000 275.55793 1.76988 -1101.80466 0.00000 0.00000 0.00000 0.00000 
0.51405 1148.13000 290.63528 1.78922 -1110.73743 0.00000 0.00000 0.00000 0.00000 
0.51807 1146.91000 301.88269 1.78734 -1106.46042 0.00000 0.00000 0.00000 0.00000 
0.52209 1148.45000 313.37028 1.78979 -1104.86863 0.00000 0.00000 0.00000 0.00000 
0.52610 1149.42000 324.23716 1.79133 -1102.73574 0.00000 0.00000 0.00000 0.00000 
0.53012 1150.46000 334.66211 1.79299 -1100.70336 0.00000 0.00000 0.00000 0.00000 
0.53413 1151.46000 344.61872 1.79460 -1098.67706 0.00000 0.00000 0.00000 0.00000 
0.53815 1152.43000 354.11379 1.79616 -1096.67836 0.00000 0.00000 0.00000 0.00000 
0.54217 1153.38000 363.15101 1.79769 -1094.71812 0.00000 0.00000 0.00000 0.00000 
0.54618 1154.30000 371.73287 1.79916 -1092.80352 0.00000 0.00000 0.00000 0.00000 
0.55020 1155.19000 379.86232 1.80060 -1090.94341 0.00000 0.00000 0.00000 0.00000 
0.55421 1156.04000 387.54174 1.80198 -1089.14504 0.00000 0.00000 0.00000 0.00000 
0.55823 1156.86000 394.77341 1.80331 -1087.41543 0.00000 0.00000 0.00000 0.00000 
0.56225 1157.64000 401.55933 1.80458 -1085.76096 0.00000 0.00000 0.00000 0.00000 
0.56626 1158.38000 407.90131 1.80580 -1084.18751 0.00000 0.00000 0.00000 0.00000 
0.57028 1159.08000 413.80095 1.80695 -1082.70045 0.00000 0.00000 0.00000 0.00000 
0.57429 1159.74000 419.25972 1.80804 -1081.30481 0.00000 0.00000 0.00000 0.00000 
0.57831 1160.36000 424.27868 1.80907 -1080.00460 0.00000 0.00000 0.00000 0.00000 
0.58233 1160.92000 428.85957 1.81002 -1078.80552 0.00000 0.00000 0.00000 0.00000 
0.58634 1161.44000 433.00103 1.81089 -1077.70544 0.00000 0.00000 0.00000 0.00000 
0.59036 1161.92000 436.71190 1.81172 -1076.72755 0.00000 0.00000 0.00000 0.00000 
0.59437 1162.29000 439.96467 1.81238 -1075.80534 0.00000 0.00000 0.00000 0.00000 
0.59839 1162.82000 442.85920 1.81327 -1075.18353 0.00000 0.00000 0.00000 0.00000 
0.60241 1162.57000 445.04464 1.81296 -1074.01307 0.00000 0.00000 0.00000 0.00000 
0.60642 1164.82000 447.77263 1.81655 -1075.31019 0.00000 0.00000 0.00000 0.00000 
0.61044 1117.76000 431.09013 1.74324 -1031.28399 0.00000 0.00000 0.00000 0.00000 
0.61445 1067.55000 412.73302 1.66500 -984.53104 0.00000 0.00000 0.00000 0.00000 
0.61847 1018.17000 394.33454 1.58807 -938.70529 0.00000 0.00000 0.00000 0.00000 
0.62249 968.63092 375.59021 1.51087 -892.84687 0.00000 0.00000 0.00000 0.00000 
0.62650 919.20800 356.68256 1.43385 -847.18308 0.00000 0.00000 0.00000 0.00000 
0.63052 869.84300 337.65402 1.35691 -801.63251 0.00000 0.00000 0.00000 0.00000 
0.63453 820.56100 318.57094 1.28010 -756.19533 0.00000 0.00000 0.00000 0.00000 
0.63855 771.36500 299.48176 1.20341 -710.85378 0.00000 0.00000 0.00000 0.00000 
