Time(s) Force[Z](Spherical:9)-CabeceoCaso3.iaa(N) Force[Y](Spherical:9)-CabeceoCaso3.iaa(N) Force[X](Spherical:9)-CabeceoCaso3.iaa(N) Force(Spherical:9)-CabeceoCaso3.iaa(N) Moment[Z](Spherical:9)-CabeceoCaso3.iaa(N.mm) Moment[Y](Spherical:9)-CabeceoCaso3.iaa(N.mm) Moment[X](Spherical:9)-CabeceoCaso3.iaa(N.mm) Moment(Spherical:9)-CabeceoCaso3.iaa(N.mm) 
0.00000 -0.32609 4547.87000 0.00736 4547.87000 -0.00813 -0.00049 -0.01760 0.01939 
0.01532 -0.32732 4790.87000 0.00739 4790.87000 -0.00000 0.00000 0.00000 0.00000 
0.03064 -0.32855 5033.10000 0.00743 5033.10000 -0.00000 -0.00000 0.00000 0.00000 
0.04596 -0.32977 5273.74000 0.00747 5273.74000 -0.00000 0.00000 0.00000 0.00000 
0.06128 -0.33097 5511.87000 0.00752 5511.87000 -0.00000 0.00000 0.00000 0.00000 
0.07660 -0.33215 5746.81000 0.00759 5746.81000 -0.00000 0.00000 0.00000 0.00000 
0.09192 -0.33328 5976.64000 0.00765 5976.64000 -0.00000 -0.00000 -0.00000 0.00000 
0.10724 -0.33439 6203.92000 0.00773 6203.92000 -0.00000 0.00000 0.00000 0.00000 
0.12257 -0.33538 6414.28000 0.00782 6414.28000 -0.00000 0.00000 0.00000 0.00000 
0.13789 -0.33510 6376.73000 0.00788 6376.73000 -0.00000 0.00000 0.00000 0.00000 
0.15321 -0.33481 6341.50000 0.00796 6341.50000 -0.00000 0.00000 0.00000 0.00000 
0.16853 -0.33445 6297.41000 0.00805 6297.41000 -0.00000 0.00000 0.00000 0.00000 
0.18385 -0.33405 6247.60000 0.00815 6247.60000 -0.00000 0.00000 0.00000 0.00000 
0.19917 -0.33359 6191.37000 0.00826 6191.37000 -0.00000 0.00000 0.00000 0.00000 
0.21449 -0.33309 6129.08000 0.00839 6129.08000 -0.00000 0.00000 0.00000 0.00000 
0.22981 -0.33253 6060.82000 0.00853 6060.82000 -0.00000 0.00000 0.00000 0.00000 
0.24513 -0.33193 5986.75000 0.00868 5986.75000 -0.00001 0.00000 0.00000 0.00001 
0.26045 -0.33128 5907.01000 0.00885 5907.01000 -0.00001 0.00000 0.00000 0.00001 
0.27577 -0.33058 5821.77000 0.00903 5821.77000 -0.00000 -0.00000 0.00000 0.00000 
0.29109 -0.32984 5731.17000 0.00924 5731.17000 0.00000 0.00000 0.00001 0.00001 
0.30642 -0.32906 5635.38000 0.00946 5635.38000 -0.00000 -0.00000 0.00000 0.00000 
0.32174 -0.32823 5534.54000 0.00971 5534.54000 -0.00000 -0.00000 -0.00000 0.00000 
0.33706 -0.32736 5428.79000 0.00998 5428.79000 -0.00000 -0.00000 -0.00000 0.00000 
0.35238 -0.32646 5318.28000 0.01028 5318.28000 -0.00000 -0.00000 -0.00000 0.00000 
0.36770 -0.32551 5203.13000 0.01060 5203.13000 -0.00000 -0.00000 -0.00000 0.00000 
0.38302 -0.32452 5083.47000 0.01096 5083.47000 -0.00000 0.00000 -0.00000 0.00000 
0.39834 -0.32349 4959.38000 0.01134 4959.38000 -0.00000 -0.00000 -0.00000 0.00000 
0.41366 -0.32243 4831.04000 0.01176 4831.04000 -0.00000 -0.00000 -0.00000 0.00000 
0.42898 -0.32133 4698.24000 0.01222 4698.24000 -0.00000 -0.00000 -0.00000 0.00000 
0.44430 -0.32018 4562.16000 0.01273 4562.16000 -0.00000 -0.00000 -0.00000 0.00000 
0.45962 -0.31899 4418.73000 0.01327 4418.73000 0.00000 -0.00000 -0.00000 0.00000 
0.47494 -0.31780 4283.35000 0.01386 4283.35000 0.00000 -0.00000 -0.00000 0.00000 
0.49027 -0.31637 4097.12000 0.01450 4097.12000 -0.00000 -0.00000 0.00000 0.00000 
0.50559 -0.31412 3699.54000 0.01516 3699.54000 0.00000 -0.00000 0.00000 0.00000 
0.52091 -0.31201 3324.97000 0.01588 3324.97000 0.00000 -0.00000 0.00000 0.00000 
0.53623 -0.30991 2942.30000 0.01667 2942.30000 0.00000 -0.00000 0.00000 0.00000 
0.55155 -0.30787 2560.26000 0.01753 2560.26000 0.00000 -0.00000 0.00000 0.00000 
0.56687 -0.30586 2176.87000 0.01847 2176.87000 0.00000 -0.00000 0.00000 0.00000 
0.58219 -0.30388 1792.98000 0.01950 1792.98000 0.00000 -0.00000 0.00000 0.00000 
0.59751 -0.30192 1408.65000 0.02062 1408.65000 0.00000 -0.00000 0.00000 0.00000 
0.61283 -0.29997 1024.15000 0.02184 1024.15000 0.00000 0.00000 0.00000 0.00000 
0.62815 -0.29800 639.72200 0.02317 639.72200 0.00000 -0.00000 0.00000 0.00000 
0.64347 -0.29598 255.64100 0.02462 255.64200 0.00000 0.00000 0.00000 0.00000 
0.65879 -0.29389 -127.92200 0.02620 127.92244 0.00000 0.00000 0.00000 0.00000 
0.67412 -0.29169 -510.20000 0.02792 510.20000 0.00000 0.00000 0.00000 0.00000 
0.68944 -0.28932 -892.50300 0.02978 892.50354 0.00000 0.00000 0.00000 0.00000 
0.70476 -0.28676 -1268.15000 0.03181 1268.15000 0.00000 0.00000 0.00000 0.00000 
0.72008 -0.28388 -1660.15000 0.03401 1660.15000 0.00000 0.00000 0.00000 0.00000 
0.73540 -0.28082 -1973.85000 0.03639 1973.85000 0.00000 0.00000 0.00000 0.00000 
0.75072 -0.27773 -2095.23000 0.03900 2095.23000 0.00000 0.00000 0.00000 0.00000 
0.76604 -0.27396 -2242.51000 0.04178 2242.51000 0.00000 0.00000 0.00000 0.00000 
0.78136 -0.26949 -2377.64000 0.04476 2377.64000 0.00000 0.00000 0.00000 0.00000 
0.79668 -0.26419 -2510.70000 0.04793 2510.70000 0.00000 0.00000 0.00000 0.00000 
0.81200 -0.25791 -2638.84000 0.05130 2638.84000 0.00000 0.00000 0.00000 0.00000 
0.82732 -0.25050 -2762.68000 0.05485 2762.68000 0.00000 0.00000 0.00000 0.00000 
0.84264 -0.24177 -2881.89000 0.05856 2881.89000 0.00000 0.00000 0.00000 0.00000 
0.85796 -0.23153 -2996.42000 0.06243 2996.42000 0.00000 0.00000 0.00000 0.00000 
0.87328 -0.21955 -3106.12000 0.06640 3106.12000 0.00000 0.00000 0.00000 0.00000 
0.88861 -0.20561 -3210.88000 0.07044 3210.88000 0.00000 0.00000 0.00000 0.00000 
0.90393 -0.18946 -3310.59000 0.07447 3310.59000 0.00000 0.00000 0.00000 0.00000 
0.91925 -0.17086 -3405.13000 0.07840 3405.13000 0.00000 0.00000 0.00000 0.00000 
0.93457 -0.14958 -3494.40000 0.08213 3494.40000 0.00000 0.00000 0.00000 0.00000 
0.94989 -0.12541 -3578.27000 0.08552 3578.27000 0.00000 0.00000 0.00000 0.00000 
0.96521 -0.09820 -3656.66000 0.08840 3656.66000 0.00000 -0.00000 -0.00000 0.00000 
0.98053 -0.06790 -3729.45000 0.09057 3729.45000 0.00000 0.00000 -0.00000 0.00000 
0.99585 -0.03457 -3796.57000 0.09182 3796.57000 0.00000 0.00000 -0.00000 0.00000 
1.01117 0.00156 -3857.87000 0.09191 3857.87000 0.00000 -0.00000 -0.00000 0.00000 
1.02649 0.04005 -3913.46000 0.09059 3913.46000 0.00000 -0.00000 -0.00000 0.00000 
1.04181 0.08023 -3962.57000 0.08762 3962.57000 0.00000 -0.00000 -0.00000 0.00000 
1.05713 0.12117 -4007.68000 0.08280 4007.68000 0.00000 -0.00000 -0.00000 0.00000 
1.07245 0.16164 -4039.18000 0.07597 4039.18000 0.00000 -0.00000 -0.00000 0.00000 
1.08778 0.20026 -4092.76000 0.06707 4092.76000 0.00000 -0.00000 -0.00000 0.00000 
1.10310 0.23520 -4013.08000 0.05614 4013.08000 0.00000 -0.00000 -0.00000 0.00000 
1.11842 0.26473 -3769.42000 0.04335 3769.42000 -0.00000 -0.00000 -0.00000 0.00000 
1.13374 0.28763 -3552.30000 0.02904 3552.30000 -0.00000 -0.00000 -0.00000 0.00000 
1.14906 0.30256 -3321.93000 0.01365 3321.93000 0.00004 -0.00000 -0.00005 0.00006 
1.16438 0.30868 -3091.43000 -0.00227 3091.43000 -0.00000 0.00000 -0.00003 0.00003 
1.17970 0.29112 -2853.20000 -0.01765 2853.20000 0.00049 -0.00008 0.00011 0.00051 
1.19502 0.27667 -2629.45000 -0.03241 2629.45000 0.00020 -0.00002 0.00025 0.00032 
1.21034 0.25691 -2343.83000 -0.04607 2343.83000 0.00000 -0.00000 0.00000 0.00000 
1.22566 0.23100 -2343.82000 -0.05826 2343.82000 -0.00000 -0.00000 0.00000 0.00000 
1.24098 0.20008 -2629.44000 -0.06868 2629.44000 0.00000 -0.00000 0.00000 0.00000 
1.25630 0.16501 -2853.18000 -0.07714 2853.18000 0.00000 -0.00000 0.00000 0.00000 
1.27163 0.12742 -3091.40000 -0.08359 3091.40000 0.00000 -0.00000 0.00000 0.00000 
1.28695 0.08870 -3321.90000 -0.08810 3321.90000 0.00000 -0.00000 0.00000 0.00000 
1.30227 0.05007 -3552.27000 -0.09080 3552.27000 0.00000 -0.00000 0.00000 0.00000 
1.31759 0.01255 -3769.39000 -0.09189 3769.39000 0.00000 -0.00000 0.00000 0.00000 
1.33291 -0.02304 -4013.05000 -0.09162 4013.05000 0.00000 -0.00000 0.00000 0.00000 
1.34823 -0.05646 -4092.73000 -0.09019 4092.73000 0.00000 -0.00000 0.00000 0.00000 
1.36355 -0.08730 -4039.15000 -0.08785 4039.15000 0.00000 -0.00000 0.00000 0.00000 
1.37887 -0.11518 -4007.65000 -0.08486 4007.65000 0.00000 0.00000 0.00000 0.00000 
1.39419 -0.14014 -3962.52000 -0.08142 3962.52000 0.00000 -0.00000 0.00000 0.00000 
1.40951 -0.16225 -3913.40000 -0.07769 3913.40000 0.00000 -0.00000 0.00000 0.00000 
1.42483 -0.18166 -3857.80000 -0.07382 3857.80000 0.00000 0.00000 0.00000 0.00000 
1.44015 -0.19857 -3796.48000 -0.06992 3796.48000 0.00000 0.00000 0.00000 0.00000 
1.45547 -0.21320 -3729.34000 -0.06610 3729.34000 0.00000 0.00000 0.00000 0.00000 
1.47080 -0.22577 -3656.52000 -0.06242 3656.52000 0.00000 0.00000 0.00000 0.00000 
1.48612 -0.23652 -3578.11000 -0.05893 3578.11000 0.00000 0.00000 0.00000 0.00000 
1.50144 -0.24563 -3494.21000 -0.05568 3494.21000 0.00000 0.00000 0.00000 0.00000 
1.51676 -0.25332 -3404.93000 -0.05269 3404.93000 0.00000 0.00000 0.00000 0.00000 
1.53208 -0.25974 -3310.37000 -0.04998 3310.37000 0.00000 0.00000 0.00000 0.00000 
1.54740 -0.26506 -3210.65000 -0.04756 3210.65000 0.00000 0.00000 0.00000 0.00000 
1.56272 -0.26940 -3105.90000 -0.04545 3105.90000 0.00000 0.00000 0.00000 0.00000 
1.57804 -0.27288 -2996.21000 -0.04365 2996.21000 0.00000 0.00000 0.00000 0.00000 
1.59336 -0.27559 -2881.71000 -0.04214 2881.71000 0.00000 0.00000 0.00000 0.00000 
1.60868 -0.27762 -2762.54000 -0.04095 2762.54000 0.00000 0.00000 0.00000 0.00000 
1.62400 -0.27901 -2638.75000 -0.04006 2638.75000 0.00000 0.00000 0.00000 0.00000 
1.63932 -0.27983 -2510.66000 -0.03947 2510.66000 0.00000 0.00000 0.00000 0.00000 
1.65464 -0.28009 -2377.66000 -0.03919 2377.66000 0.00000 0.00000 0.00000 0.00000 
1.66997 -0.27980 -2242.59000 -0.03920 2242.59000 0.00000 0.00000 0.00000 0.00000 
1.68529 -0.27901 -2095.36000 -0.03952 2095.36000 0.00000 0.00000 0.00000 0.00000 
1.70061 -0.27759 -1974.03000 -0.04013 1974.03000 0.00000 0.00000 0.00000 0.00000 
1.71593 -0.27606 -1660.37000 -0.04106 1660.37000 0.00000 0.00000 0.00000 0.00000 
1.73125 -0.27417 -1268.39000 -0.04231 1268.39000 0.00000 0.00000 0.00000 0.00000 
1.74657 -0.27162 -892.76300 -0.04389 892.76300 0.00000 0.00000 0.00000 0.00000 
1.76189 -0.26840 -510.46300 -0.04580 510.46300 0.00000 0.00000 0.00000 0.00000 
1.77721 -0.26440 -128.17800 -0.04804 128.17800 0.00000 0.00000 0.00000 0.00000 
1.79253 -0.25949 255.40100 -0.05061 255.40100 0.00000 0.00000 -0.00000 0.00000 
1.80785 -0.25354 639.50300 -0.05352 639.50300 0.00000 0.00000 -0.00000 0.00000 
1.82317 -0.24636 1023.96000 -0.05676 1023.96000 0.00000 0.00000 -0.00000 0.00000 
1.83849 -0.23776 1408.48000 -0.06031 1408.48000 0.00000 0.00000 -0.00000 0.00000 
1.85381 -0.22749 1792.84000 -0.06417 1792.84000 0.00000 0.00000 -0.00000 0.00000 
1.86914 -0.21530 2176.76000 -0.06829 2176.76000 0.00000 0.00000 -0.00000 0.00000 
1.88446 -0.20090 2560.17000 -0.07263 2560.17000 0.00000 0.00000 -0.00000 0.00000 
1.89978 -0.18397 2942.23000 -0.07712 2942.23000 0.00000 0.00000 -0.00000 0.00000 
1.91510 -0.16421 3324.91000 -0.08166 3324.91000 0.00000 0.00000 -0.00000 0.00000 
1.93042 -0.14129 3699.50000 -0.08612 3699.50000 0.00000 0.00000 -0.00000 0.00000 
1.94574 -0.11499 4097.10000 -0.09037 4097.10000 0.00000 0.00000 -0.00000 0.00000 
1.96106 -0.08461 4283.34000 -0.09396 4283.34000 0.00000 0.00000 -0.00000 0.00000 
1.97638 -0.05057 4418.75000 -0.09677 4418.75000 0.00000 0.00000 -0.00000 0.00000 
1.99170 -0.01317 4562.20000 -0.09857 4562.20000 0.00000 0.00000 -0.00000 0.00000 
2.00702 0.02726 4698.30000 -0.09904 4698.30000 0.00000 0.00000 -0.00000 0.00000 
2.02234 0.07005 4831.14000 -0.09786 4831.14000 0.00000 0.00000 -0.00000 0.00000 
2.03766 0.11425 4959.52000 -0.09473 4959.52000 0.00000 0.00000 -0.00000 0.00000 
2.05299 0.15855 5083.67000 -0.08938 5083.67000 0.00000 0.00000 -0.00000 0.00000 
2.06831 0.20135 5203.40000 -0.08163 5203.40000 0.00000 0.00000 -0.00000 0.00000 
2.08363 0.24082 5318.61000 -0.07140 5318.61000 0.00000 0.00000 -0.00000 0.00000 
2.09895 0.27500 5429.19000 -0.05878 5429.19000 0.00000 0.00000 -0.00000 0.00000 
2.11427 0.30203 5534.99000 -0.04402 5534.99000 0.00000 0.00000 -0.00000 0.00000 
2.12959 0.32035 5635.87000 -0.02754 5635.87000 0.00006 0.00002 0.00003 0.00006 
2.14491 0.32833 5731.68000 -0.00990 5731.68000 0.00238 0.00086 0.00014 0.00253 
2.16023 0.33372 5822.28000 0.00809 5822.28000 -0.04173 -0.01379 0.02445 0.05029 
2.17555 0.32117 5907.50000 0.02618 5907.50000 -0.00055 0.00003 0.00234 0.00241 
2.19087 0.29814 5987.19000 0.04336 5987.19000 0.00000 0.00000 -0.00000 0.00000 
2.20619 0.26647 6061.20000 0.05899 6061.20000 0.00000 0.00000 0.00000 0.00000 
2.22151 0.22801 6129.39000 0.07261 6129.39000 0.00000 0.00000 0.00000 0.00000 
2.23683 0.18478 6191.60000 0.08394 6191.60000 0.00000 0.00000 0.00000 0.00000 
2.25216 0.13880 6247.76000 0.09287 6247.76000 0.00000 0.00000 0.00000 0.00000 
2.26748 0.09193 6297.51000 0.09944 6297.51000 0.00000 0.00000 0.00000 0.00000 
2.28280 0.04573 6341.54000 0.10382 6341.54000 0.00000 0.00000 0.00000 0.00000 
2.29812 0.00148 6376.73000 0.10626 6376.73000 0.00000 0.00000 0.00000 0.00000 
2.31344 -0.03997 6414.26000 0.10706 6414.26000 0.00000 0.00000 0.00000 0.00000 
2.32876 -0.07743 6203.88000 0.10616 6203.88000 0.00000 0.00000 0.00000 0.00000 
2.34408 -0.11092 5976.59000 0.10423 5976.59000 0.00000 0.00000 0.00000 0.00000 
2.35940 -0.14045 5746.75000 0.10158 5746.75000 0.00000 0.00000 0.00000 0.00000 
2.37472 -0.16613 5511.81000 0.09845 5511.81000 0.00000 0.00000 0.00000 0.00000 
2.39004 -0.18821 5273.69000 0.09505 5273.69000 0.00000 0.00000 0.00000 0.00000 
2.40536 -0.20698 5033.05000 0.09157 5033.05000 0.00000 0.00000 0.00000 0.00000 
2.42068 -0.22275 4790.83000 0.08813 4790.83000 0.00000 -0.00000 0.00000 0.00000 
2.43600 -0.23584 4547.83000 0.08485 4547.83000 0.00000 -0.00000 0.00000 0.00000 
