Time(s) Force(Revolution:2)-ArfadaCaso1.iaa(N) Force[X](Revolution:2)-ArfadaCaso1.iaa(N) Force[Y](Revolution:2)-ArfadaCaso1.iaa(N) Force[Z](Revolution:2)-ArfadaCaso1.iaa(N) Moment(Revolution:2)-ArfadaCaso1.iaa(N.mm) Moment[X](Revolution:2)-ArfadaCaso1.iaa(N.mm) Moment[Y](Revolution:2)-ArfadaCaso1.iaa(N.mm) Moment[Z](Revolution:2)-ArfadaCaso1.iaa(N.mm) 
0.00000 836.90000 -771.25281 -324.91427 1.30291 154717.00000 4971.30988 -11180.01397 154232.72001 
0.00402 890.21700 -820.39176 -345.60231 1.38591 164576.00000 5287.88746 -11892.51303 164060.51426 
0.00803 943.61600 -869.62513 -366.27978 1.46905 174454.00000 5604.33797 -12606.38108 173907.19137 
0.01205 997.09900 -918.97545 -386.89556 1.55231 184355.00000 5919.92034 -13321.94488 183777.25867 
0.01606 1050.64000 -968.44356 -407.37814 1.63567 194279.00000 6233.58952 -14039.21668 193670.88484 
0.02008 1104.30000 -1018.11728 -427.68131 1.71921 204245.00000 6544.69542 -14759.46962 203605.63089 
0.02410 1157.78000 -1067.75691 -447.61005 1.80248 214203.00000 6850.31812 -15479.22821 213533.55821 
0.02811 1212.16000 -1118.38165 -467.48550 1.88713 224360.00000 7155.44606 -16213.27071 223658.50807 
0.03213 1263.19000 -1166.12962 -485.57862 1.96658 233938.00000 7433.69088 -16905.60048 233208.10051 
0.03614 1260.83000 -1164.78957 -482.64798 1.96291 233668.00000 7390.46671 -16886.16959 232940.08574 
0.04016 1261.11000 -1166.07258 -480.28358 1.96335 233924.00000 7356.27825 -16904.77227 233196.68082 
0.04418 1260.58000 -1166.78356 -477.15950 1.96253 234065.00000 7310.82295 -16915.08049 233338.86802 
0.04819 1260.22000 -1167.81922 -473.64625 1.96196 234271.00000 7259.77640 -16930.09652 233545.99189 
0.05221 1259.74000 -1168.92168 -469.63846 1.96122 234491.00000 7201.52560 -16946.08095 233766.47349 
0.05622 1259.23000 -1170.16050 -465.16487 1.96043 234737.00000 7136.51189 -16964.04269 234014.22880 
0.06024 1258.67000 -1171.51120 -460.21601 1.95956 235005.00000 7064.59168 -16983.62635 234284.35600 
0.06426 1258.06000 -1172.97567 -454.79308 1.95861 235297.00000 6985.78479 -17004.85975 234577.23853 
0.06827 1257.41000 -1174.54765 -448.89402 1.95760 235609.00000 6900.06139 -17027.65198 234891.62231 
0.07229 1256.71000 -1176.22263 -442.51748 1.95653 235942.00000 6807.40252 -17051.93761 235226.60506 
0.07630 1255.98000 -1177.99495 -435.66165 1.95539 236294.00000 6707.78245 -17077.63463 235581.05527 
0.08032 1255.20000 -1179.85863 -428.32459 1.95419 236665.00000 6601.17364 -17104.65640 235953.77779 
0.08434 1254.39000 -1181.80707 -420.50410 1.95293 237052.00000 6487.54485 -17132.90732 236343.45386 
0.08835 1253.54000 -1183.83318 -412.19777 1.95162 237455.00000 6366.86180 -17162.28439 236748.66272 
0.09237 1252.66000 -1185.92915 -403.40293 1.95025 237872.00000 6239.08604 -17192.67446 237167.84349 
0.09638 1251.75000 -1188.08686 -394.11673 1.94884 238301.00000 6104.17704 -17223.95974 237599.37147 
0.10040 1250.81000 -1190.29667 -384.33578 1.94738 238740.00000 5962.08606 -17256.00075 238041.32238 
0.10442 1249.84000 -1192.55007 -374.05704 1.94588 239188.00000 5812.76949 -17288.67392 238491.99187 
0.10843 1248.84000 -1194.83658 -363.27670 1.94434 239643.00000 5656.17298 -17321.82725 238949.28313 
0.11245 1247.80000 -1197.12853 -351.98594 1.94273 240099.00000 5492.16330 -17355.05970 239407.66418 
0.11646 1246.85000 -1199.53828 -340.21615 1.94126 240578.00000 5321.23638 -17390.00041 239889.60690 
0.12048 1245.26000 -1201.35145 -327.76800 1.93879 240938.00000 5140.27549 -17416.29100 240252.23287 
0.12450 1246.67000 -1206.06222 -315.57410 1.94099 241878.00000 4963.93450 -17484.59650 241194.38412 
0.12851 1233.59000 -1196.73049 -299.29535 1.92063 240003.00000 4723.85397 -17349.28900 239328.03470 
0.13253 1173.55000 -1141.61773 -271.89159 1.82716 228945.00000 4307.83832 -16550.17064 228305.47945 
0.13654 1122.59000 -1094.99397 -247.36878 1.74783 219591.00000 3936.42614 -15874.14123 218980.72577 
0.14056 1069.18000 -1045.63628 -223.11758 1.66467 209688.00000 3568.18929 -15158.47047 209109.18816 
0.14458 1016.89000 -997.01826 -200.02747 1.58327 199935.00000 3217.13834 -14453.52510 199385.58758 
0.14859 964.61500 -948.05846 -177.94552 1.50188 190113.00000 2880.71187 -13743.62429 189593.63429 
0.15261 912.67100 -899.06333 -157.00708 1.42101 180285.00000 2560.96871 -13033.21148 179794.61752 
0.15663 860.94100 -849.92881 -137.25544 1.34047 170429.00000 2258.50095 -12320.77798 169967.72729 
0.16064 809.43500 -800.67560 -118.74839 1.26028 160549.00000 1974.14917 -11606.62374 160117.10044 
0.16466 758.12100 -751.29061 -101.52882 1.18038 150644.00000 1708.52576 -10890.55900 150240.11939 
0.16867 706.98400 -701.77778 -85.63328 1.10076 140713.00000 1462.15542 -10172.64110 140337.57491 
0.17269 655.98200 -652.11802 -71.08657 1.02134 130754.00000 1235.38439 -9452.59305 130405.64617 
0.17671 605.16900 -602.39046 -57.91487 0.94222 120781.00000 1028.60924 -8731.56219 120460.15899 
0.18072 554.19220 -552.27101 -46.09765 0.86284 110729.00000 841.42221 -8004.84934 110436.29522 
0.18474 504.34900 -503.08057 -35.73821 0.78522 100864.00000 675.72488 -7291.60716 100598.23564 
0.18875 450.38200 -449.60257 -26.48058 0.70118 90140.00000 524.71832 -6516.19695 89902.66647 
0.19277 414.00800 -413.54903 -19.47787 0.64453 82909.90000 411.88595 -5993.43678 82691.99121 
0.19679 420.34200 -420.07452 -14.99217 0.65438 84218.20000 348.84969 -6088.06051 83997.12373 
0.20080 419.47900 -419.35122 -10.34183 0.65303 84072.90000 281.18344 -6077.57909 83852.50135 
0.20482 420.55900 -420.51690 -5.89537 0.65471 84306.50000 217.07853 -6094.48741 84085.67409 
0.20883 421.07900 -421.07565 -1.58455 0.65552 84418.50000 154.76581 -6102.59545 84197.45765 
0.21285 421.71700 -421.70853 2.57459 0.65648 84545.30000 94.67612 -6111.77838 84324.07063 
0.21687 422.29100 -422.23935 6.57983 0.65736 84651.80000 36.80514 -6119.48228 84430.27137 
0.22088 422.85000 -422.72051 10.42781 0.65820 84748.30000 -18.79618 -6126.46453 84526.53955 
0.22490 423.38000 -423.14396 14.11505 0.65898 84833.30000 -72.07804 -6132.61068 84611.26434 
0.22891 423.88500 -423.51726 17.63841 0.65973 84908.20000 -122.99318 -6138.02956 84685.95829 
0.23293 424.36400 -423.84376 20.99482 0.66043 84973.80000 -171.49700 -6142.76975 84751.29172 
0.23695 424.81700 -424.12773 24.18136 0.66110 85030.90000 -217.54738 -6146.89304 84808.11721 
0.24096 425.24400 -424.37303 27.19530 0.66172 85080.20000 -261.10430 -6150.45547 84857.20818 
0.24498 425.64500 -424.58338 30.03400 0.66230 85122.60000 -302.12994 -6153.51097 84899.30837 
0.24899 426.01944 -424.76247 32.69503 0.66284 85158.60000 -340.58877 -6156.11285 84935.15379 
0.25301 426.36700 -424.91338 35.17605 0.66334 85189.10000 -376.44714 -6158.30600 84965.36347 
0.25703 426.69000 -425.04040 37.47502 0.66380 85214.70000 -409.67492 -6160.15238 84990.79246 
0.26104 426.98300 -425.14285 39.58960 0.66422 85235.40000 -440.23965 -6161.64219 85011.30563 
0.26506 427.25900 -425.23670 41.51921 0.66460 85254.40000 -468.12868 -6163.00693 85030.09640 
0.26908 427.47200 -425.27752 43.25756 0.66489 85262.80000 -493.26537 -6163.60244 85038.27987 
0.27309 427.79100 -425.43640 44.82041 0.66535 85294.80000 -515.82572 -6165.90947 85070.07391 
0.27711 427.60600 -425.10850 46.14214 0.66502 85229.20000 -535.04812 -6161.15788 85004.50902 
0.28112 429.12000 -426.48679 47.46030 0.66733 85505.70000 -553.69091 -6181.14530 85280.18162 
0.28514 424.34300 -421.63163 47.88811 0.65985 84532.20000 -561.38312 -6110.74893 84309.16029 
0.28915 446.98500 -444.03830 51.23823 0.69505 89025.50000 -602.91580 -6435.64090 88790.50519 
0.29317 504.25000 -500.84797 58.47322 0.78412 100418.00000 -690.00430 -7259.36623 100152.45052 
0.29719 554.69300 -550.88608 64.86555 0.86257 110452.00000 -767.00006 -7984.90554 110160.08133 
0.30120 606.92400 -602.71106 71.38277 0.94380 120844.00000 -845.25201 -8736.35359 120525.08434 
0.30522 658.38600 -653.78263 77.71605 1.02383 131086.00000 -921.07845 -9476.87714 130739.40349 
0.30923 710.87400 -705.88355 84.07697 1.10544 141533.00000 -996.98834 -10232.32595 141159.59418 
0.31325 759.76400 -754.42163 89.93236 1.18145 151267.00000 -1066.68956 -10936.11432 150867.21387 
0.31727 821.77400 -815.99498 97.28052 1.27786 163614.00000 -1153.95487 -11828.91031 163181.88857 
0.32128 821.77400 -815.99498 97.28052 1.27780 163614.00000 -1153.96848 -11828.91031 163181.88858 
0.32530 759.76400 -754.42163 89.93236 1.18126 151267.00000 -1066.72792 -10936.11432 150867.21389 
0.32932 710.87400 -705.88355 84.07696 1.10514 141533.00000 -997.04905 -10232.32596 141159.59423 
0.33333 658.38600 -653.78263 77.71604 1.02343 131086.00000 -921.15860 -9476.87715 130739.40359 
0.33735 606.92400 -602.71106 71.38276 0.94332 120844.00000 -845.34895 -8736.35361 120525.08452 
0.34136 554.69300 -550.88608 64.86553 0.86202 110452.00000 -767.11095 -7984.90556 110160.08159 
0.34538 504.25000 -500.84797 58.47321 0.78351 100418.00000 -690.12665 -7259.36626 100152.45089 
0.34940 446.98500 -444.03830 51.23822 0.69440 89025.50000 -603.04547 -6435.64094 88790.50571 
0.35341 424.34300 -421.63163 47.88809 0.65914 84532.20000 -561.52472 -6110.74897 84309.16086 
0.35743 429.12000 -426.48679 47.46028 0.66653 85505.70000 -553.85010 -6181.14534 85280.18217 
0.36144 427.60600 -425.10850 46.14212 0.66414 85229.20000 -535.22338 -6161.15792 85004.50957 
0.36546 427.79100 -425.43640 44.82038 0.66439 85294.80000 -516.01728 -6165.90951 85070.07443 
0.36948 427.47200 -425.27752 43.25753 0.66385 85262.80000 -493.47293 -6163.60248 85038.28036 
0.37349 427.25900 -425.23670 41.51918 0.66349 85254.40000 -468.35207 -6163.00696 85030.09683 
0.37751 426.98300 -425.14285 39.58957 0.66302 85235.50000 -440.47864 -6161.64221 85011.30598 
0.38152 426.69000 -425.04040 37.47498 0.66253 85214.70000 -409.92925 -6160.15240 84990.79273 
0.38554 426.36700 -424.91338 35.17602 0.66199 85189.10000 -376.71653 -6158.30601 84965.36364 
0.38956 426.01944 -424.76247 32.69499 0.66142 85158.60000 -340.87292 -6156.11286 84935.15382 
0.39357 425.64500 -424.58338 30.03396 0.66081 85122.60000 -302.42853 -6153.51096 84899.30825 
0.39759 425.24400 -424.37303 27.19525 0.66015 85080.20000 -261.41696 -6150.45545 84857.20789 
0.40160 424.81700 -424.12773 24.18132 0.65946 85030.90000 -217.87372 -6146.89300 84808.11670 
0.40562 424.36400 -423.84376 20.99477 0.65873 84973.80000 -171.83658 -6142.76970 84751.29105 
0.40964 423.88500 -423.51726 17.63836 0.65796 84908.20000 -123.34554 -6138.02949 84685.95732 
0.41365 423.38000 -423.14396 14.11500 0.65716 84833.30000 -72.44257 -6132.61059 84611.26322 
0.41767 422.85000 -422.72050 10.42776 0.65631 84748.30000 -19.17183 -6126.46442 84526.53822 
0.42168 422.29100 -422.23933 6.57977 0.65543 84651.80000 36.42115 -6119.48116 84430.26751 
0.42570 421.71700 -421.70852 2.57452 0.65454 84545.30000 94.29572 -6111.77822 84324.06897 
0.42972 421.07900 -421.07565 -1.58458 0.65350 84418.50000 154.35452 -6102.59533 84197.45672 
0.43373 420.55900 -420.51690 -5.89540 0.65274 84306.50000 216.68151 -6094.48735 84085.67199 
0.43775 419.47900 -419.35122 -10.34186 0.65110 84072.90000 280.79567 -6077.57902 83852.50124 
0.44177 420.34200 -420.07450 -14.99220 0.65247 84218.20000 348.46670 -6088.06035 83997.12129 
0.44578 414.00800 -413.54903 -19.47791 0.64266 82909.90000 411.51341 -5993.43668 82691.98962 
0.44980 450.38200 -449.60256 -26.48061 0.69918 90140.00000 524.31849 -6516.19678 89902.66409 
0.45381 504.34900 -503.08055 -35.73825 0.78300 100864.00000 675.28109 -7291.60696 100598.23286 
0.45783 554.19220 -552.27099 -46.09769 0.86040 110729.00000 840.93636 -8004.84910 110436.29186 
0.46185 605.16900 -602.39044 -57.91492 0.93956 120781.00000 1028.07838 -8731.56193 120460.15525 
0.46586 655.98200 -652.11800 -71.08662 1.01845 130754.00000 1234.80672 -9452.59275 130405.64198 
0.46988 706.98400 -701.77776 -85.63334 1.09762 140713.00000 1461.52868 -10172.64077 140337.57032 
0.47389 758.12100 -751.29058 -101.52888 1.17699 150644.00000 1707.84765 -10890.55864 150240.11441 
0.47791 809.43400 -800.67558 -118.74845 1.25661 160549.00000 1973.41727 -11606.62336 160117.09514 
0.48192 860.94100 -849.92878 -137.25551 1.33653 170429.00000 2257.71271 -12320.77756 169967.72155 
0.48594 912.67100 -899.06330 -157.00716 1.41677 180285.00000 2560.12147 -13033.21104 179794.61150 
0.48996 964.61500 -948.05843 -177.94560 1.49733 190113.00000 2879.80283 -13743.62382 189593.62787 
0.49397 1016.89000 -997.01822 -200.02756 1.57839 199935.00000 3216.16457 -14453.52462 199385.58084 
0.49799 1069.18000 -1045.63624 -223.11768 1.65946 209688.00000 3567.14785 -15158.46996 209109.18104 
0.50201 1122.59000 -1094.99394 -247.36889 1.74225 219591.00000 3935.31341 -15874.14068 218980.71826 
0.50602 1173.55000 -1141.61770 -271.89171 1.82122 228945.00000 4306.65267 -16550.17006 228305.47154 
0.51004 1233.59000 -1196.73045 -299.29547 1.91428 240003.00000 4722.58563 -17349.28839 239328.02633 
0.51405 1246.67000 -1206.06218 -315.57423 1.93448 241878.00000 4962.63395 -17484.59587 241194.37550 
0.51807 1245.26000 -1201.35140 -327.76813 1.93218 240937.00000 5138.95392 -17416.29036 240252.22400 
0.52209 1246.85000 -1199.53824 -340.21629 1.93451 240578.00000 5319.88983 -17389.99975 239889.59777 
0.52610 1247.80000 -1197.12849 -351.98609 1.93586 240099.00000 5490.79177 -17355.05901 239407.65471 
0.53012 1248.84000 -1194.83653 -363.27685 1.93734 239643.00000 5654.77533 -17321.82653 238949.27329 
0.53413 1249.84000 -1192.55002 -374.05719 1.93874 239188.00000 5811.34485 -17288.67318 238491.98162 
0.53815 1250.81000 -1190.29662 -384.33595 1.94011 238740.00000 5960.63346 -17255.99997 238041.31167 
0.54217 1251.75000 -1188.08680 -394.11689 1.94142 238301.00000 6102.69547 -17223.95893 237599.36028 
0.54618 1252.66000 -1185.92910 -403.40310 1.94268 237872.00000 6237.57446 -17192.67361 237167.83173 
0.55020 1253.54000 -1183.83312 -412.19795 1.94389 237455.00000 6365.31915 -17162.28350 236748.65039 
0.55421 1254.39000 -1181.80701 -420.50428 1.94504 237052.00000 6485.97004 -17132.90638 236343.44086 
0.55823 1255.20000 -1179.85856 -428.32478 1.94613 236665.00000 6599.56554 -17104.65541 235953.76410 
0.56225 1255.98000 -1177.99487 -435.66186 1.94716 236294.00000 6706.13992 -17077.63359 235581.04080 
0.56626 1256.71000 -1176.22255 -442.51770 1.94812 235942.00000 6805.72438 -17051.93650 235226.58979 
0.57028 1257.41000 -1174.54757 -448.89425 1.94901 235609.00000 6898.34644 -17027.65080 234891.60614 
0.57429 1258.06000 -1172.97558 -454.79331 1.94983 235296.00000 6984.03179 -17004.85851 234577.22142 
0.57831 1258.67000 -1171.51111 -460.21625 1.95058 235005.00000 7062.79939 -16983.62504 234284.33787 
0.58233 1259.23000 -1170.16041 -465.16512 1.95125 234737.00000 7134.67905 -16964.04129 234014.20956 
0.58634 1259.74000 -1168.92157 -469.63873 1.95183 234490.00000 7199.65092 -16946.07947 233766.45311 
0.59036 1260.22000 -1167.81911 -473.64653 1.95235 234271.00000 7257.85856 -16930.09495 233545.97023 
0.59437 1260.58000 -1166.78344 -477.15980 1.95269 234065.00000 7308.86068 -16915.07882 233338.84506 
0.59839 1261.11000 -1166.07246 -480.28388 1.95328 233924.00000 7354.26996 -16904.77050 233196.65643 
0.60241 1260.83000 -1164.78944 -482.64830 1.95261 233668.00000 7388.41197 -16886.16772 232940.05987 
0.60642 1263.19000 -1166.12948 -485.57895 1.95603 233938.00000 7431.58485 -16905.59849 233208.07303 
0.61044 1212.16000 -1118.38151 -467.48584 1.87679 224359.00000 7153.38372 -16213.26867 223658.47988 
0.61445 1157.78000 -1067.75676 -447.61039 1.79240 214203.00000 6848.30701 -15479.22612 213533.52938 
0.61847 1104.30000 -1018.11713 -427.68165 1.70940 204245.00000 6542.73788 -14759.46749 203605.60151 
0.62249 1050.64000 -968.44341 -407.37848 1.62614 194279.00000 6231.68950 -14039.21451 193670.85496 
0.62650 997.09900 -918.97529 -386.89591 1.54309 184354.00000 5918.08152 -13321.94269 183777.22841 
0.63052 943.61600 -869.62497 -366.28013 1.46015 174453.00000 5602.56432 -12606.37886 173907.16081 
0.63453 890.21700 -820.39161 -345.60265 1.37737 164576.00000 5286.18310 -11892.51080 164060.48354 
0.63855 836.90300 -771.25539 -324.91576 1.29473 154718.00000 4969.69677 -11180.05138 154233.23588 
