Time(s) Force[Z](Spherical:9)-BalanceoCaso3.iaa(N) Force[Y](Spherical:9)-BalanceoCaso3.iaa(N) Force[X](Spherical:9)-BalanceoCaso3.iaa(N) Force(Spherical:9)-BalanceoCaso3.iaa(N) Moment[Z](Spherical:9)-BalanceoCaso3.iaa(N.mm) Moment[Y](Spherical:9)-BalanceoCaso3.iaa(N.mm) Moment[X](Spherical:9)-BalanceoCaso3.iaa(N.mm) Moment(Spherical:9)-BalanceoCaso3.iaa(N.mm) 
0.00000 -0.32672 4555.65000 0.00656 4555.65000 -0.00834 -0.00049 -0.01771 0.01958 
0.00910 -0.33117 4766.97000 0.00664 4766.97000 0.00000 -0.00000 0.00000 0.00000 
0.01820 -0.33561 4978.06000 0.00671 4978.06000 0.00000 0.00000 0.00000 0.00000 
0.02731 -0.34004 5188.69000 0.00680 5188.69000 0.00000 0.00000 0.00000 0.00000 
0.03641 -0.34444 5398.46000 0.00688 5398.46000 0.00000 0.00000 0.00000 0.00000 
0.04551 -0.34881 5607.17000 0.00697 5607.17000 0.00000 0.00000 0.00000 0.00000 
0.05461 -0.35311 5813.53000 0.00706 5813.53000 0.00000 0.00000 0.00000 0.00000 
0.06371 -0.35740 6020.12000 0.00716 6020.12000 0.00000 0.00000 0.00000 0.00000 
0.07282 -0.36139 6214.70000 0.00726 6214.70000 0.00000 0.00000 0.00000 0.00000 
0.08192 -0.36089 6197.20000 0.00729 6197.20000 0.00000 0.00000 0.00000 0.00000 
0.09102 -0.36047 6184.98000 0.00733 6184.98000 0.00000 0.00000 0.00000 0.00000 
0.10012 -0.35992 6168.24000 0.00737 6168.24000 0.00000 0.00000 0.00000 0.00000 
0.10922 -0.35931 6149.63000 0.00741 6149.63000 0.00000 0.00000 0.00000 0.00000 
0.11832 -0.35860 6128.48000 0.00746 6128.48000 0.00000 0.00000 0.00000 0.00000 
0.12743 -0.35781 6105.01000 0.00752 6105.01000 -0.00000 0.00000 -0.00000 0.00000 
0.13653 -0.35693 6079.23000 0.00758 6079.23000 0.00000 0.00000 0.00000 0.00000 
0.14563 -0.35596 6051.18000 0.00764 6051.18000 0.00000 0.00000 0.00000 0.00000 
0.15473 -0.35491 6020.90000 0.00771 6020.90000 -0.00000 0.00000 0.00000 0.00000 
0.16383 -0.35377 5988.45000 0.00778 5988.45000 0.00000 0.00000 0.00000 0.00000 
0.17294 -0.35253 5953.87000 0.00786 5953.87000 -0.00000 0.00000 0.00000 0.00000 
0.18204 -0.35120 5917.23000 0.00794 5917.23000 -0.00001 0.00000 0.00000 0.00001 
0.19114 -0.34978 5878.57000 0.00803 5878.57000 0.00000 0.00000 -0.00000 0.00000 
0.20024 -0.34825 5837.97000 0.00813 5837.97000 0.00000 -0.00000 -0.00000 0.00000 
0.20934 -0.34664 5795.47000 0.00822 5795.47000 0.00000 -0.00000 -0.00000 0.00000 
0.21845 -0.34491 5751.14000 0.00832 5751.14000 0.00000 -0.00000 -0.00000 0.00000 
0.22755 -0.34309 5705.05000 0.00843 5705.05000 -0.00000 0.00000 -0.00000 0.00001 
0.23665 -0.34115 5657.24000 0.00854 5657.24000 0.00000 -0.00000 -0.00000 0.00000 
0.24575 -0.33911 5607.85000 0.00865 5607.85000 0.00000 -0.00000 -0.00000 0.00000 
0.25485 -0.33696 5556.71000 0.00876 5556.71000 0.00000 -0.00000 -0.00000 0.00000 
0.26395 -0.33470 5504.76000 0.00888 5504.76000 0.00000 -0.00000 -0.00000 0.00000 
0.27306 -0.33227 5448.79000 0.00899 5448.79000 0.00000 -0.00000 -0.00000 0.00000 
0.28216 -0.32990 5401.01000 0.00911 5401.01000 0.00000 -0.00000 -0.00000 0.00000 
0.29126 -0.32668 5315.24000 0.00921 5315.24000 0.00000 -0.00000 -0.00000 0.00000 
0.30036 -0.32023 5069.83000 0.00920 5069.83000 0.00000 -0.00001 -0.00000 0.00001 
0.30946 -0.31429 4849.56000 0.00920 4849.56000 0.00000 -0.00001 -0.00000 0.00001 
0.31857 -0.30841 4630.46000 0.00919 4630.46000 0.00000 -0.00001 -0.00000 0.00001 
0.32767 -0.30272 4419.48000 0.00917 4419.48000 0.00000 -0.00001 -0.00000 0.00001 
0.33677 -0.29721 4215.28000 0.00915 4215.28000 0.00000 -0.00002 -0.00000 0.00002 
0.34587 -0.29191 4018.64000 0.00912 4018.64000 0.00000 -0.00003 -0.00000 0.00003 
0.35497 -0.28682 3829.69000 0.00909 3829.69000 0.00000 -0.00003 0.00000 0.00003 
0.36408 -0.28196 3648.64000 0.00906 3648.64000 0.00000 -0.00003 0.00001 0.00003 
0.37318 -0.27733 3475.56000 0.00902 3475.56000 0.00000 -0.00002 0.00003 0.00003 
0.38228 -0.27295 3310.53000 0.00899 3310.53000 0.00000 0.00000 0.00003 0.00003 
0.39138 -0.26882 3153.44000 0.00897 3153.44000 0.00000 0.00002 0.00003 0.00003 
0.40048 -0.26494 3004.45000 0.00895 3004.45000 0.00000 0.00002 0.00002 0.00003 
0.40959 -0.26132 2862.34000 0.00894 2862.34000 0.00000 0.00002 0.00002 0.00003 
0.41869 -0.25801 2730.79000 0.00895 2730.79000 0.00000 0.00002 0.00001 0.00002 
0.42779 -0.25476 2595.01000 0.00898 2595.01000 0.00000 0.00001 0.00001 0.00001 
0.43689 -0.25254 2511.35000 0.00905 2511.35000 0.00000 0.00001 0.00000 0.00001 
0.44599 -0.25233 2542.75000 0.00919 2542.75000 0.00000 0.00001 0.00000 0.00001 
0.45510 -0.25182 2556.48000 0.00932 2556.48000 0.00000 0.00000 0.00000 0.00001 
0.46420 -0.25139 2574.94000 0.00947 2574.94000 0.00000 0.00000 0.00000 0.00000 
0.47330 -0.25093 2592.14000 0.00963 2592.14000 0.00000 0.00000 0.00000 0.00000 
0.48240 -0.25049 2609.57000 0.00980 2609.57000 0.00000 0.00000 0.00000 0.00000 
0.49150 -0.25006 2626.73000 0.00998 2626.73000 0.00000 0.00000 0.00000 0.00000 
0.50060 -0.24963 2643.69000 0.01017 2643.69000 0.00000 0.00000 0.00000 0.00000 
0.50971 -0.24921 2660.33000 0.01037 2660.33000 0.00000 0.00000 0.00000 0.00000 
0.51881 -0.24880 2676.60000 0.01059 2676.60000 0.00000 0.00000 0.00000 0.00000 
0.52791 -0.24840 2692.43000 0.01081 2692.43000 0.00000 0.00000 0.00000 0.00000 
0.53701 -0.24802 2707.77000 0.01105 2707.77000 0.00000 0.00000 0.00000 0.00000 
0.54611 -0.24765 2722.55000 0.01131 2722.55000 0.00000 0.00000 0.00000 0.00000 
0.55522 -0.24729 2736.71000 0.01158 2736.71000 0.00000 0.00000 0.00000 0.00000 
0.56432 -0.24694 2750.21000 0.01186 2750.21000 0.00000 0.00000 0.00000 0.00000 
0.57342 -0.24660 2762.97000 0.01216 2762.97000 0.00000 0.00000 0.00000 0.00000 
0.58252 -0.24628 2774.97000 0.01248 2774.97000 0.00000 0.00000 -0.00000 0.00000 
0.59162 -0.24597 2786.14000 0.01281 2786.14000 0.00000 0.00000 -0.00000 0.00000 
0.60073 -0.24568 2796.45000 0.01316 2796.45000 0.00000 -0.00000 -0.00000 0.00001 
0.60983 -0.24539 2805.80000 0.01353 2805.80000 0.00000 0.00000 -0.00000 0.00000 
0.61893 -0.24511 2814.45000 0.01392 2814.45000 0.00000 0.00000 -0.00000 0.00000 
0.62803 -0.24484 2821.22000 0.01433 2821.22000 0.00000 0.00000 -0.00000 0.00000 
0.63713 -0.24461 2830.31000 0.01476 2830.31000 0.00000 0.00000 -0.00000 0.00000 
0.64624 -0.24423 2825.99000 0.01523 2825.99000 0.00001 -0.00000 -0.00000 0.00001 
0.65534 -0.24454 2876.11000 0.01564 2876.11000 0.00000 0.00000 -0.00000 0.00000 
0.66444 -0.24567 2993.61000 0.01596 2993.61000 0.00000 0.00000 -0.00000 0.00000 
0.67354 -0.24658 3095.90000 0.01630 3095.90000 0.00000 0.00000 0.00000 0.00000 
0.68264 -0.24752 3201.07000 0.01665 3201.07000 0.00000 0.00000 0.00000 0.00000 
0.69175 -0.24841 3304.11000 0.01702 3304.11000 0.00000 0.00000 0.00000 0.00000 
0.70085 -0.24930 3408.91000 0.01739 3408.91000 0.00000 0.00000 0.00000 0.00000 
0.70995 -0.25007 3506.43000 0.01778 3506.43000 0.00000 0.00000 0.00000 0.00000 
0.71905 -0.25111 3630.14000 0.01814 3630.14000 0.00000 0.00000 0.00000 0.00000 
0.72815 -0.25063 3630.14000 0.01875 3630.14000 0.00000 0.00000 0.00000 0.00000 
0.73725 -0.24866 3506.45000 0.01965 3506.45000 0.00000 0.00000 0.00000 0.00000 
0.74636 -0.24698 3408.94000 0.02053 3408.94000 0.00000 0.00000 0.00000 0.00000 
0.75546 -0.24520 3304.15000 0.02148 3304.15000 0.00000 0.00000 0.00000 0.00000 
0.76456 -0.24343 3201.12000 0.02247 3201.12000 0.00000 0.00000 0.00000 0.00000 
0.77366 -0.24161 3095.96000 0.02351 3095.96000 0.00000 0.00000 0.00000 0.00000 
0.78276 -0.23981 2993.67000 0.02460 2993.67000 0.00000 0.00000 0.00000 0.00000 
0.79187 -0.23780 2876.17000 0.02576 2876.17000 -0.00001 0.00000 0.00001 0.00002 
0.80097 -0.23655 2826.05000 0.02680 2826.05000 0.00000 0.00000 0.00000 0.00000 
0.81007 -0.23590 2830.37000 0.02773 2830.37000 -0.00001 0.00000 0.00000 0.00001 
0.81917 -0.23503 2821.27000 0.02874 2821.27000 0.00000 0.00000 0.00000 0.00000 
0.82827 -0.23412 2814.50000 0.02977 2814.50000 0.00000 0.00000 0.00000 0.00000 
0.83737 -0.23312 2805.85000 0.03085 2805.85000 0.00000 0.00000 0.00000 0.00000 
0.84648 -0.23203 2796.49000 0.03197 2796.49000 0.00000 0.00000 0.00000 0.00000 
0.85558 -0.23083 2786.16000 0.03313 2786.16000 0.00000 0.00000 0.00000 0.00000 
0.86468 -0.22950 2774.99000 0.03434 2774.99000 0.00000 0.00000 0.00000 0.00000 
0.87378 -0.22805 2762.99000 0.03558 2762.99000 0.00000 0.00000 0.00000 0.00000 
0.88289 -0.22645 2750.21000 0.03687 2750.21000 0.00000 0.00000 0.00000 0.00000 
0.89199 -0.22468 2736.72000 0.03820 2736.72000 0.00000 0.00000 0.00000 0.00000 
0.90109 -0.22274 2722.55000 0.03957 2722.55000 0.00000 0.00000 0.00000 0.00000 
0.91019 -0.22059 2707.77000 0.04099 2707.77000 0.00000 0.00000 0.00000 0.00000 
0.91929 -0.21823 2692.43000 0.04244 2692.43000 0.00000 0.00000 0.00000 0.00000 
0.92839 -0.21562 2676.59000 0.04394 2676.59000 0.00000 0.00000 0.00000 0.00000 
0.93750 -0.21276 2660.32000 0.04547 2660.32000 0.00000 0.00000 0.00000 0.00000 
0.94660 -0.20960 2643.67000 0.04703 2643.67000 0.00000 0.00000 0.00000 0.00000 
0.95570 -0.20613 2626.72000 0.04862 2626.72000 0.00000 0.00000 0.00000 0.00000 
0.96480 -0.20231 2609.55000 0.05024 2609.55000 0.00000 0.00000 0.00000 0.00000 
0.97390 -0.19813 2592.13000 0.05188 2592.13000 0.00000 0.00000 0.00000 0.00000 
0.98301 -0.19355 2574.93000 0.05354 2574.93000 0.00000 -0.00000 0.00000 0.00000 
0.99211 -0.18852 2556.47000 0.05520 2556.47000 0.00000 -0.00000 0.00000 0.00000 
1.00121 -0.18308 2542.74000 0.05686 2542.74000 -0.00000 0.00000 -0.00000 0.00000 
1.01031 -0.17692 2511.34000 0.05852 2511.34000 0.00000 -0.00000 0.00000 0.00000 
1.01941 -0.17174 2594.99000 0.06018 2594.99000 0.00000 -0.00000 0.00000 0.00000 
1.02851 -0.16664 2730.77000 0.06196 2730.77000 0.00000 -0.00000 0.00000 0.00000 
1.03762 -0.16080 2862.33000 0.06383 2862.33000 0.00000 -0.00000 0.00000 0.00000 
1.04672 -0.15434 3004.44000 0.06582 3004.44000 0.00000 -0.00000 0.00000 0.00000 
1.05582 -0.14713 3153.42000 0.06791 3153.42000 0.00000 -0.00000 0.00000 0.00000 
1.06492 -0.13909 3310.52000 0.07010 3310.52000 0.00000 -0.00000 0.00000 0.00000 
1.07402 -0.13013 3475.55000 0.07238 3475.55000 0.00000 -0.00000 0.00000 0.00000 
1.08313 -0.12015 3648.62000 0.07472 3648.62000 0.00000 -0.00000 0.00000 0.00000 
1.09223 -0.10904 3829.68000 0.07711 3829.68000 0.00000 -0.00000 0.00000 0.00000 
1.10133 -0.09671 4018.63000 0.07950 4018.63000 -0.00000 -0.00000 0.00000 0.00000 
1.11043 -0.08305 4215.27000 0.08188 4215.27000 -0.00000 -0.00000 0.00000 0.00000 
1.11953 -0.06797 4419.47000 0.08418 4419.47000 -0.00000 -0.00000 0.00000 0.00000 
1.12864 -0.05138 4630.46000 0.08635 4630.46000 -0.00000 -0.00000 0.00000 0.00000 
1.13774 -0.03322 4849.57000 0.08832 4849.57000 -0.00000 -0.00000 0.00000 0.00000 
1.14684 -0.01341 5069.85000 0.09000 5069.85000 -0.00000 -0.00000 0.00000 0.00000 
1.15594 0.00792 5315.27000 0.09140 5315.27000 -0.00000 -0.00000 0.00000 0.00000 
1.16504 0.03173 5401.06000 0.09159 5401.06000 -0.00000 -0.00000 0.00000 0.00000 
1.17415 0.05679 5448.86000 0.09095 5448.86000 -0.00000 -0.00000 0.00000 0.00000 
1.18325 0.08263 5504.86000 0.08960 5504.86000 -0.00000 -0.00000 0.00000 0.00000 
1.19235 0.10902 5556.83000 0.08742 5556.83000 -0.00000 -0.00000 0.00000 0.00000 
1.20145 0.13567 5608.01000 0.08437 5608.01000 -0.00000 -0.00000 0.00000 0.00000 
1.21055 0.16223 5657.44000 0.08041 5657.44000 -0.00000 -0.00000 0.00000 0.00000 
1.21965 0.18829 5705.29000 0.07550 5705.29000 -0.00000 -0.00000 0.00000 0.00000 
1.22876 0.21343 5751.42000 0.06963 5751.42000 -0.00000 -0.00001 0.00000 0.00001 
1.23786 0.23720 5795.79000 0.06281 5795.79000 -0.00000 -0.00001 0.00000 0.00001 
1.24696 0.25914 5838.33000 0.05508 5838.33000 -0.00000 0.00000 0.00001 0.00001 
1.25606 0.27879 5878.98000 0.04648 5878.98000 -0.00000 -0.00002 0.00000 0.00002 
1.26516 0.29571 5917.68000 0.03710 5917.68000 -0.00000 -0.00002 0.00000 0.00002 
1.27427 0.30950 5954.36000 0.02704 5954.36000 0.00000 -0.00004 0.00001 0.00004 
1.28337 0.31981 5988.96000 0.01644 5988.96000 0.00000 -0.00005 0.00001 0.00005 
1.29247 0.32636 6021.44000 0.00545 6021.44000 0.00000 -0.00005 0.00002 0.00005 
1.30157 0.32899 6051.73000 -0.00579 6051.73000 0.00000 -0.00003 -0.00000 0.00003 
1.31067 0.32760 6079.78000 -0.01709 6079.78000 0.00000 0.00001 -0.00003 0.00003 
1.31978 0.32213 6105.56000 -0.02828 6105.56000 0.00000 0.00002 -0.00004 0.00004 
1.32888 0.31280 6129.01000 -0.03920 6129.01000 0.00000 0.00002 -0.00003 0.00003 
1.33798 0.29974 6150.14000 -0.04969 6150.14000 0.00000 0.00001 -0.00002 0.00002 
1.34708 0.28326 6168.72000 -0.05960 6168.72000 0.00000 0.00001 -0.00001 0.00001 
1.35618 0.26371 6185.42000 -0.06882 6185.42000 0.00000 0.00001 -0.00001 0.00001 
1.36529 0.24149 6197.61000 -0.07725 6197.61000 0.00000 0.00000 -0.00001 0.00001 
1.37439 0.21709 6215.06000 -0.08484 6215.06000 0.00000 0.00000 -0.00000 0.00000 
1.38349 0.19057 6020.43000 -0.09048 6020.43000 0.00000 0.00000 -0.00000 0.00000 
1.39259 0.16335 5813.80000 -0.09501 5813.80000 0.00000 0.00000 -0.00000 0.00000 
1.40169 0.13594 5607.40000 -0.09852 5607.40000 0.00000 0.00000 -0.00000 0.00000 
1.41079 0.10876 5398.65000 -0.10106 5398.65000 0.00000 0.00000 -0.00000 0.00000 
1.41990 0.08216 5188.85000 -0.10273 5188.85000 0.00000 0.00000 -0.00000 0.00000 
1.42900 0.05646 4978.19000 -0.10359 4978.19000 0.00000 0.00000 -0.00000 0.00000 
1.43810 0.03188 4767.07000 -0.10375 4767.07000 -0.00000 -0.00000 -0.00000 0.00000 
1.44720 0.00860 4555.73000 -0.10330 4555.73000 -0.00000 -0.00000 -0.00000 0.00000 