Time(s) Force[Z](Spherical:10)-CabeceoCaso3.iaa(N) Force[Y](Spherical:10)-CabeceoCaso3.iaa(N) Force[X](Spherical:10)-CabeceoCaso3.iaa(N) Force(Spherical:10)-CabeceoCaso3.iaa(N) Moment[Z](Spherical:10)-CabeceoCaso3.iaa(N.mm) Moment[Y](Spherical:10)-CabeceoCaso3.iaa(N.mm) Moment[X](Spherical:10)-CabeceoCaso3.iaa(N.mm) Moment(Spherical:10)-CabeceoCaso3.iaa(N.mm) 
0.00000 -2386.95422 -428.73251 3845.52764 4546.37000 0.00708 0.01712 0.00572 0.01939 
0.01532 -2514.48820 -451.64876 4051.09804 4789.37000 0.00000 -0.00000 0.00000 0.00000 
0.03064 -2641.32382 -474.49515 4256.18924 5031.59000 0.00000 -0.00000 0.00000 0.00000 
0.04596 -2766.70138 -497.20022 4460.33331 5272.23000 0.00000 -0.00000 0.00000 0.00000 
0.06128 -2889.73415 -519.67998 4662.97613 5510.35000 0.00000 -0.00000 0.00000 0.00000 
0.07660 -3009.62948 -541.87707 4863.82789 5745.29000 0.00000 -0.00000 0.00000 0.00000 
0.09192 -3124.88710 -563.61582 5061.55853 5975.11000 0.00000 0.00000 0.00000 0.00000 
0.10724 -3236.31163 -585.14475 5258.66677 6202.39000 0.00000 -0.00000 0.00000 0.00000 
0.12257 -3335.82917 -605.11304 5443.28919 6412.75000 0.00000 -0.00000 0.00000 0.00000 
0.13789 -3303.28394 -601.72474 5419.34730 6375.19000 0.00000 -0.00000 0.00000 0.00000 
0.15321 -3269.21846 -598.58672 5398.98531 6339.96000 0.00000 -0.00000 0.00000 0.00000 
0.16853 -3227.92205 -594.64165 5372.61384 6295.88000 0.00000 -0.00000 0.00000 0.00000 
0.18385 -3181.11779 -590.18269 5342.79421 6246.06000 0.00000 -0.00000 0.00000 0.00000 
0.19917 -3128.57681 -585.14284 5308.82889 6189.83000 0.00000 -0.00000 0.00000 0.00000 
0.21449 -3070.61448 -579.55238 5270.88977 6127.55000 0.00000 -0.00000 0.00000 0.00000 
0.22981 -3007.42490 -573.41637 5228.91127 6059.28000 0.00000 -0.00000 0.00000 0.00000 
0.24513 -2939.25562 -566.74720 5182.88625 5985.21000 0.00001 -0.00000 0.00000 0.00001 
0.26045 -2866.35925 -559.55566 5132.78603 5905.47000 0.00001 -0.00000 0.00000 0.00001 
0.27577 -2789.00440 -551.85317 5078.58115 5820.23000 0.00000 -0.00000 0.00000 0.00000 
0.29109 -2707.47096 -543.65093 5020.23527 5729.64000 -0.00000 -0.00001 -0.00000 0.00001 
0.30642 -2622.04962 -534.96002 4957.70625 5633.84000 0.00000 -0.00000 0.00000 0.00000 
0.32174 -2533.04051 -525.79113 4890.94548 5533.00000 0.00000 -0.00000 0.00000 0.00000 
0.33706 -2440.75214 -516.15453 4819.89758 5427.26000 0.00000 -0.00000 0.00000 0.00000 
0.35238 -2345.50082 -506.05991 4744.50075 5316.74000 0.00000 -0.00000 0.00000 0.00000 
0.36770 -2247.60886 -495.51610 4664.68450 5201.59000 0.00000 -0.00000 0.00000 0.00000 
0.38302 -2147.40810 -484.53182 4580.37800 5081.93000 0.00000 -0.00000 0.00000 0.00000 
0.39834 -2045.22488 -473.11231 4491.47881 4957.84000 0.00000 -0.00000 0.00000 0.00000 
0.41366 -1941.43316 -461.27156 4397.97000 4829.50000 0.00000 -0.00000 0.00000 0.00000 
0.42898 -1836.26135 -448.98639 4299.48326 4696.70000 0.00000 -0.00000 0.00000 0.00000 
0.44430 -1730.49124 -436.36704 4196.93309 4560.62000 0.00000 -0.00000 0.00000 0.00000 
0.45962 -1622.93559 -423.02180 4086.40816 4417.19000 -0.00000 -0.00000 0.00000 0.00000 
0.47494 -1519.52706 -410.42257 3982.01753 4281.81000 0.00000 -0.00000 0.00000 0.00000 
0.49027 -1400.03161 -392.92094 3828.74286 4095.58000 0.00000 -0.00000 0.00000 0.00000 
0.50559 -1214.08793 -355.09076 3474.92518 3698.00000 -0.00000 -0.00000 0.00000 0.00000 
0.52091 -1044.69135 -319.40045 3138.75769 3323.43000 -0.00000 -0.00000 0.00000 0.00000 
0.53623 -882.21730 -282.86417 2791.02428 2940.77000 -0.00000 -0.00000 0.00000 0.00000 
0.55155 -730.08984 -246.32010 2439.96654 2558.74000 -0.00000 -0.00000 0.00000 0.00000 
0.56687 -588.24346 -209.57931 2083.79546 2175.35000 -0.00000 -0.00000 -0.00000 0.00000 
0.58219 -457.36084 -172.72553 1723.46071 1791.46000 -0.00000 -0.00000 0.00000 0.00000 
0.59751 -337.79376 -135.76841 1359.22192 1407.13000 -0.00000 -0.00000 0.00000 0.00000 
0.61283 -229.84059 -98.73796 991.57787 1022.64000 -0.00000 -0.00000 0.00000 0.00000 
0.62815 -133.67419 -61.65913 621.00696 638.21600 -0.00000 -0.00000 0.00000 0.00000 
0.64347 -49.37058 -24.56435 248.08544 254.14000 -0.00000 -0.00000 0.00000 0.00000 
0.65879 23.13313 12.52615 -126.71734 129.41900 -0.00000 -0.00000 0.00000 0.00000 
0.67412 83.90875 49.53352 -502.33008 511.69300 -0.00000 -0.00000 0.00000 0.00000 
0.68944 133.48158 86.58022 -879.72108 893.99300 -0.00000 -0.00000 0.00000 0.00000 
0.70476 171.31767 123.01409 -1251.99028 1269.63000 -0.00000 -0.00000 -0.00000 0.00000 
0.72008 200.94864 161.06178 -1641.55416 1661.63000 -0.00000 -0.00000 0.00000 0.00000 
0.73540 212.09662 191.54202 -1954.54518 1975.33000 -0.00000 -0.00000 0.00000 0.00000 
0.75072 197.70401 203.38457 -2077.43229 2096.71000 -0.00000 -0.00000 0.00000 0.00000 
0.76604 183.33506 217.74240 -2225.86406 2243.99000 -0.00000 -0.00000 0.00000 0.00000 
0.78136 165.57995 230.92298 -2362.08689 2379.12000 -0.00000 -0.00000 0.00000 0.00000 
0.79668 145.66595 243.90518 -2496.06773 2512.18000 -0.00000 -0.00000 0.00000 0.00000 
0.81200 123.72735 256.41037 -2624.92923 2640.32000 -0.00000 -0.00000 0.00000 0.00000 
0.82732 100.13998 268.49841 -2749.26556 2764.16000 -0.00000 -0.00000 0.00000 0.00000 
0.84264 75.21482 280.13812 -2868.74678 2883.37000 -0.00000 -0.00000 0.00000 0.00000 
0.85796 49.26594 291.32300 -2983.30261 2997.90000 -0.00000 -0.00000 0.00000 0.00000 
0.87328 22.59494 302.04015 -3092.80329 3107.60000 -0.00000 -0.00000 0.00000 0.00000 
0.88861 -4.50654 312.27871 -3197.14526 3212.36000 -0.00000 -0.00000 0.00000 0.00000 
0.90393 -31.75810 322.02763 -3296.22759 3312.07000 -0.00000 -0.00000 0.00000 0.00000 
0.91925 -58.89112 331.27625 -3389.95774 3406.61000 -0.00000 -0.00000 0.00000 0.00000 
0.93457 -85.64941 340.01413 -3478.24957 3495.88000 -0.00000 -0.00000 0.00000 0.00000 
0.94989 -111.78980 348.23096 -3561.02287 3579.75000 -0.00000 -0.00000 0.00000 0.00000 
0.96521 -137.08278 355.91661 -3638.20444 3658.14000 -0.00000 -0.00000 0.00000 0.00000 
0.98053 -161.31273 363.06044 -3709.72217 3730.93000 -0.00000 -0.00000 0.00000 0.00000 
0.99585 -184.27931 369.65318 -3775.52579 3798.05000 -0.00000 -0.00000 0.00000 0.00000 
1.01117 -205.79390 375.67917 -3835.50880 3859.35000 -0.00000 -0.00000 0.00000 0.00000 
1.02649 -225.69534 381.14479 -3889.80009 3914.94000 -0.00000 -0.00000 0.00000 0.00000 
1.04181 -243.78705 385.97174 -3937.67300 3964.05000 -0.00000 -0.00000 0.00000 0.00000 
1.05713 -260.08782 390.39669 -3981.62585 4009.16000 -0.00000 -0.00000 0.00000 0.00000 
1.07245 -273.84165 393.47780 -4012.12394 4040.66000 -0.00000 -0.00000 0.00000 0.00000 
1.08778 -287.38582 398.68169 -4064.63727 4094.24000 -0.00000 -0.00000 0.00000 0.00000 
1.10310 -289.61706 390.89719 -3984.97593 4014.56000 -0.00000 -0.00000 0.00000 0.00000 
1.11842 -277.72365 367.13513 -3742.70510 3770.91000 -0.00000 -0.00000 0.00000 0.00000 
1.13374 -265.70046 345.92537 -3526.92527 3553.80000 -0.00000 -0.00000 0.00000 0.00000 
1.14906 -251.08436 323.40342 -3298.11124 3323.43000 0.00002 -0.00005 -0.00001 0.00006 
1.16438 -235.24601 300.85403 -3069.25742 3092.93000 -0.00000 0.00000 0.00000 0.00000 
1.17970 -217.93702 277.55450 -2832.80693 2854.70000 0.00047 0.00018 -0.00009 0.00051 
1.19502 -201.19922 255.67524 -2610.76743 2630.96000 0.00011 0.00030 0.00000 0.00032 
1.21034 -179.45215 227.79313 -2327.34326 2345.34000 -0.00000 0.00000 0.00000 0.00000 
1.22566 -179.36754 227.71172 -2327.35375 2345.34000 -0.00000 0.00000 0.00000 0.00000 
1.24098 -200.95347 255.43461 -2610.79832 2630.95000 -0.00000 0.00000 0.00000 0.00000 
1.25630 -217.54879 277.16511 -2832.85657 2854.68000 -0.00000 0.00000 0.00000 0.00000 
1.27163 -234.72948 300.32753 -3069.32403 3092.90000 -0.00000 0.00000 0.00000 0.00000 
1.28695 -250.50958 322.75821 -3298.19054 3323.40000 -0.00000 0.00000 0.00000 0.00000 
1.30227 -265.11161 345.19001 -3527.01260 3553.77000 -0.00000 0.00000 0.00000 0.00000 
1.31759 -277.15970 366.34150 -3742.79539 3770.88000 -0.00000 0.00000 0.00000 0.00000 
1.33291 -289.10803 390.07790 -3985.06403 4014.53000 -0.00000 0.00000 0.00000 0.00000 
1.34823 -286.95087 397.86669 -4064.71810 4094.21000 -0.00000 0.00000 0.00000 0.00000 
1.36355 -273.48956 392.69259 -4012.19277 4040.63000 -0.00000 0.00000 0.00000 0.00000 
1.37887 -259.81877 389.66129 -3981.67847 4009.13000 -0.00000 0.00000 0.00000 0.00000 
1.39419 -243.59473 385.29962 -3937.70564 3964.00000 -0.00000 0.00000 0.00000 0.00000 
1.40951 -225.56950 380.54327 -3889.80941 3914.88000 -0.00000 0.00000 0.00000 0.00000 
1.42483 -205.72252 375.15026 -3835.49190 3859.28000 -0.00000 0.00000 0.00000 0.00000 
1.44015 -184.25027 369.19477 -3775.48028 3797.96000 -0.00000 0.00000 0.00000 0.00000 
1.45547 -161.31495 362.66759 -3709.64634 3730.82000 -0.00000 0.00000 0.00000 0.00000 
1.47080 -137.10684 355.58269 -3638.09755 3658.00000 -0.00000 0.00000 0.00000 0.00000 
1.48612 -111.82816 347.94862 -3560.88551 3579.59000 -0.00000 0.00000 0.00000 0.00000 
1.50144 -85.69635 339.77605 -3478.08405 3495.69000 -0.00000 0.00000 0.00000 0.00000 
1.51676 -58.94255 331.07563 -3389.76843 3406.41000 -0.00000 0.00000 0.00000 0.00000 
1.53208 -31.81119 321.85850 -3296.02111 3311.85000 -0.00000 0.00000 0.00000 0.00000 
1.54740 -4.55940 312.13607 -3196.93041 3212.14000 -0.00000 0.00000 0.00000 0.00000 
1.56272 22.54361 301.91996 -3092.59070 3107.38000 -0.00000 0.00000 0.00000 0.00000 
1.57804 49.21716 291.22211 -2983.10409 2997.69000 -0.00000 0.00000 0.00000 0.00000 
1.59336 75.16955 280.05411 -2868.57446 2883.19000 -0.00000 0.00000 0.00000 0.00000 
1.60868 100.09925 268.42938 -2749.13077 2764.02000 -0.00000 0.00000 0.00000 0.00000 
1.62400 123.69235 256.35477 -2624.84151 2640.23000 -0.00000 0.00000 0.00000 0.00000 
1.63932 145.63801 243.86165 -2496.03392 2512.14000 -0.00000 0.00000 0.00000 0.00000 
1.65464 165.56043 230.89015 -2362.11050 2379.14000 -0.00000 0.00000 0.00000 0.00000 
1.66997 183.32526 217.71884 -2225.94493 2244.07000 -0.00000 0.00000 0.00000 0.00000 
1.68529 197.70498 203.36867 -2077.56663 2096.84000 -0.00000 0.00000 0.00000 0.00000 
1.70061 212.10906 191.53204 -1954.72599 1975.51000 -0.00000 0.00000 0.00000 0.00000 
1.71593 200.97277 161.05564 -1641.77165 1661.85000 -0.00000 0.00000 0.00000 0.00000 
1.73125 171.35323 123.00971 -1252.23306 1269.87000 -0.00000 0.00000 0.00000 0.00000 
1.74657 133.52783 86.57551 -879.97727 894.25100 -0.00000 0.00000 0.00000 0.00000 
1.76189 83.96456 49.52635 -502.58816 511.95500 -0.00000 0.00000 -0.00000 0.00000 
1.77721 23.19711 12.51436 -126.96697 129.67392 -0.00000 0.00000 -0.00000 0.00000 
1.79253 -49.29990 -24.58290 247.85270 253.90100 -0.00000 0.00000 0.00000 0.00000 
1.80785 -133.59826 -61.68661 620.79734 637.99900 0.00000 0.00000 0.00000 0.00000 
1.82317 -229.76067 -98.77660 991.39523 1022.45000 0.00000 0.00000 0.00000 0.00000 
1.83849 -337.71089 -135.82060 1359.06787 1406.97000 0.00000 0.00000 0.00000 0.00000 
1.85381 -457.27586 -172.79388 1723.33491 1791.32000 0.00000 0.00000 -0.00000 0.00000 
1.86914 -588.15714 -209.66679 2083.69604 2175.24000 0.00000 0.00000 -0.00000 0.00000 
1.88446 -730.00310 -246.43010 2439.89049 2558.65000 0.00000 0.00000 0.00000 0.00000 
1.89978 -882.13152 -283.00056 2790.96798 2940.71000 0.00000 0.00000 0.00000 0.00000 
1.91510 -1044.60875 -319.56756 3138.71720 3323.38000 0.00000 0.00000 0.00000 0.00000 
1.93042 -1214.01209 -355.29327 3474.89666 3697.97000 0.00000 0.00000 0.00000 0.00000 
1.94574 -1399.96792 -393.16365 3828.72268 4095.56000 0.00000 0.00000 0.00000 0.00000 
1.96106 -1519.48366 -410.70968 3982.00290 4281.81000 0.00000 0.00000 0.00000 0.00000 
1.97638 -1622.92318 -423.35638 4086.39667 4417.21000 0.00000 0.00000 0.00000 0.00000 
1.99170 -1730.52327 -436.75016 4196.92302 4560.66000 0.00000 0.00000 0.00000 0.00000 
2.00702 -1836.35394 -449.41593 4299.47380 4696.77000 0.00000 0.00000 0.00000 0.00000 
2.02234 -1941.60426 -461.74104 4397.96126 4829.61000 0.00000 0.00000 0.00000 0.00000 
2.03766 -2045.49271 -473.60983 4491.47182 4957.99000 0.00000 0.00000 0.00000 0.00000 
2.05299 -2147.78892 -485.03944 4580.37465 5082.13000 0.00000 0.00000 0.00000 0.00000 
2.06831 -2248.11402 -496.01003 4664.68728 5201.86000 0.00000 0.00000 0.00000 0.00000 
2.08363 -2346.13369 -506.51182 4744.51245 5317.08000 0.00000 0.00000 0.00000 0.00000 
2.09895 -2441.50544 -516.53404 4819.92084 5427.65000 0.00000 0.00000 -0.00000 0.00000 
2.11427 -2533.89487 -526.06947 4890.98231 5533.45000 0.00000 0.00000 0.00000 0.00000 
2.12959 -2622.97426 -535.11406 4957.75756 5634.33000 0.00003 0.00003 0.00004 0.00006 
2.14491 -2708.42521 -543.66683 5020.30059 5730.14000 0.00168 0.00001 0.00189 0.00253 
2.16023 -2789.96008 -551.72656 5078.65934 5820.74000 -0.02656 0.03327 -0.02677 0.05029 
2.17555 -2867.25745 -559.29490 5132.87395 5905.96000 0.00017 0.00237 0.00039 0.00240 
2.19087 -2940.05672 -566.37396 5182.97937 5985.65000 -0.00000 -0.00000 -0.00000 0.00000 
2.20619 -3008.10226 -572.96005 5229.00537 6059.66000 -0.00000 -0.00000 0.00000 0.00000 
2.22151 -3071.15456 -579.04554 5270.98088 6127.85000 -0.00000 -0.00000 -0.00000 0.00000 
2.23683 -3128.97882 -584.61702 5308.91380 6190.06000 -0.00000 -0.00000 0.00000 0.00000 
2.25216 -3181.39141 -589.66516 5342.87068 6246.22000 -0.00000 -0.00000 -0.00000 0.00000 
2.26748 -3228.08412 -594.15342 5372.68068 6295.97000 -0.00000 -0.00000 0.00000 0.00000 
2.28280 -3269.28960 -598.14200 5399.04221 6340.01000 -0.00000 -0.00000 -0.00000 0.00000 
2.29812 -3303.28552 -601.33135 5419.39465 6375.20000 -0.00000 -0.00000 0.00000 0.00000 
2.31344 -3335.78115 -604.77356 5443.32784 6412.72000 -0.00000 -0.00000 0.00000 0.00000 
2.32876 -3236.23197 -584.85794 5258.69790 6202.35000 -0.00000 -0.00000 0.00000 0.00000 
2.34408 -3124.78968 -563.37747 5061.58340 5975.06000 -0.00000 -0.00000 0.00000 0.00000 
2.35940 -3009.52474 -541.68163 4863.84769 5745.23000 -0.00000 -0.00000 0.00000 0.00000 
2.37472 -2889.62948 -519.52143 4662.99195 5510.30000 -0.00000 -0.00000 0.00000 0.00000 
2.39004 -2766.60166 -497.07266 4460.34608 5272.18000 -0.00000 -0.00000 0.00000 0.00000 
2.40536 -2641.23197 -474.39312 4256.19975 5031.54000 -0.00000 -0.00000 0.00000 0.00000 
2.42068 -2514.40566 -451.56744 4051.10691 4789.32000 -0.00000 -0.00000 0.00000 0.00000 
2.43600 -2386.88217 -428.66782 3845.53608 4546.33000 -0.00000 -0.00000 0.00000 0.00000 
