Time(s) Force[Z](Spherical:9)(N) Force[Y](Spherical:9)(N) Force[X](Spherical:9)(N) Force(Spherical:9)(N) Moment[Z](Spherical:9)(N.mm) Moment[Y](Spherical:9)(N.mm) Moment[X](Spherical:9)(N.mm) Moment(Spherical:9)(N.mm) 
0.00000 -0.30902 836.73600 0.00527 836.73600 -0.00000 -0.00000 -0.00005 0.00005 
0.00100 -0.31530 850.00000 0.00537 850.00000 0.00000 0.00000 -0.00000 0.00000 
0.00200 -0.32158 863.26700 0.00547 863.26700 0.00000 0.00000 -0.00000 0.00000 
0.00300 -0.32786 876.54100 0.00557 876.54100 0.00000 0.00000 -0.00000 0.00000 
0.00400 -0.33414 889.83400 0.00567 889.83400 0.00000 0.00000 -0.00000 0.00000 
0.00500 -0.34042 903.03200 0.00577 903.03200 0.00000 0.00000 -0.00000 0.00000 
0.00600 -0.34669 916.27800 0.00587 916.27800 0.00000 0.00000 -0.00000 0.00000 
0.00700 -0.35297 929.59500 0.00597 929.59500 0.00000 0.00000 -0.00000 0.00000 
0.00800 -0.35925 943.01000 0.00607 943.01000 0.00000 0.00000 -0.00000 0.00000 
0.00900 -0.36552 956.05500 0.00617 956.05500 0.00000 0.00000 -0.00000 0.00000 
0.01000 -0.37179 969.24400 0.00627 969.24400 0.00000 0.00000 -0.00000 0.00000 
0.01100 -0.37806 982.63100 0.00637 982.63100 0.00000 0.00000 -0.00000 0.00000 
0.01200 -0.38433 996.25800 0.00647 996.25800 0.00000 0.00000 -0.00000 0.00000 
0.01300 -0.39059 1009.07000 0.00657 1009.07000 0.00000 0.00000 -0.00000 0.00000 
0.01400 -0.39684 1022.15000 0.00667 1022.15000 0.00000 0.00000 -0.00000 0.00000 
0.01500 -0.40309 1035.63000 0.00677 1035.63000 0.00000 0.00000 -0.00000 0.00000 
0.01600 -0.40933 1049.55000 0.00687 1049.55000 0.00000 0.00000 -0.00000 0.00000 
0.01700 -0.41556 1062.07000 0.00697 1062.07000 0.00000 0.00000 -0.00000 0.00000 
0.01800 -0.42179 1075.03000 0.00707 1075.03000 0.00000 0.00000 -0.00000 0.00000 
0.01900 -0.42800 1088.62000 0.00717 1088.62000 0.00000 0.00000 -0.00000 0.00000 
0.02000 -0.43421 1102.93000 0.00727 1102.93000 0.00000 0.00000 -0.00000 0.00000 
0.02100 -0.44038 1115.04000 0.00737 1115.04000 0.00000 0.00000 -0.00000 0.00000 
0.02200 -0.44653 1127.76000 0.00747 1127.76000 0.00000 0.00000 -0.00000 0.00000 
0.02300 -0.45267 1141.42000 0.00757 1141.42000 0.00000 0.00000 -0.00000 0.00000 
0.02400 -0.45880 1156.12000 0.00767 1156.12000 0.00000 0.00000 -0.00000 0.00000 
0.02500 -0.46497 1168.01000 0.00777 1168.01000 0.00000 0.00000 -0.00000 0.00000 
0.02600 -0.47112 1180.70000 0.00787 1180.70000 0.00000 0.00000 -0.00000 0.00000 
0.02700 -0.47725 1194.71000 0.00796 1194.71000 0.00000 0.00000 -0.00000 0.00000 
0.02800 -0.48337 1210.13000 0.00806 1210.13000 0.00000 0.00000 -0.00000 0.00000 
0.02900 -0.48920 1220.91000 0.00816 1220.91000 0.00000 0.00000 -0.00000 0.00000 
0.03000 -0.49497 1232.51000 0.00825 1232.51000 0.00000 0.00000 -0.00000 0.00000 
0.03100 -0.50072 1245.80000 0.00834 1245.80000 0.00000 0.00000 -0.00000 0.00000 
0.03200 -0.50645 1260.91000 0.00844 1260.91000 0.00000 0.00000 -0.00000 0.00000 
0.03300 -0.50672 1260.95000 0.00844 1260.95000 0.00000 0.00000 -0.00000 0.00000 
0.03400 -0.50618 1259.66000 0.00843 1259.66000 0.00000 0.00000 -0.00000 0.00000 
0.03500 -0.50562 1259.49000 0.00843 1259.49000 0.00000 0.00000 -0.00000 0.00000 
0.03600 -0.50504 1260.40000 0.00842 1260.40000 0.00000 0.00000 -0.00000 0.00000 
0.03700 -0.50464 1259.19000 0.00841 1259.19000 0.00000 0.00000 -0.00000 0.00000 
0.03800 -0.50424 1258.55000 0.00841 1258.55000 0.00000 0.00000 -0.00000 0.00001 
0.03900 -0.50383 1259.01000 0.00840 1259.01000 0.00000 0.00000 -0.00000 0.00000 
0.04000 -0.50341 1260.56000 0.00840 1260.56000 0.00000 0.00000 -0.00000 0.00000 
0.04100 -0.50290 1259.40000 0.00839 1259.40000 0.00000 0.00000 -0.00000 0.00000 
0.04200 -0.50237 1258.57000 0.00839 1258.57000 0.00000 0.00000 -0.00000 0.00000 
0.04300 -0.50182 1258.79000 0.00838 1258.79000 0.00000 0.00000 -0.00000 0.00000 
0.04400 -0.50125 1260.05000 0.00837 1260.05000 0.00000 0.00000 -0.00000 0.00000 
0.04500 -0.50067 1258.98000 0.00837 1258.98000 0.00000 0.00000 -0.00000 0.00000 
0.04600 -0.50007 1258.21000 0.00836 1258.21000 0.00000 0.00000 -0.00000 0.00000 
0.04700 -0.49946 1258.44000 0.00835 1258.45000 0.00000 0.00000 -0.00000 0.00000 
0.04800 -0.49883 1259.67000 0.00834 1259.67000 0.00000 0.00000 -0.00000 0.00000 
0.04900 -0.49817 1258.69000 0.00834 1258.69000 0.00000 0.00000 -0.00000 0.00000 
0.05000 -0.49749 1257.92000 0.00833 1257.92000 0.00000 0.00000 -0.00000 0.00000 
0.05100 -0.49679 1258.09000 0.00832 1258.09000 0.00000 0.00000 -0.00000 0.00000 
0.05200 -0.49608 1259.19000 0.00831 1259.19000 0.00000 0.00000 -0.00000 0.00000 
0.05300 -0.49534 1258.31000 0.00830 1258.31000 0.00000 0.00000 -0.00000 0.00000 
0.05400 -0.49459 1257.56000 0.00829 1257.56000 0.00000 0.00000 -0.00000 0.00000 
0.05500 -0.49382 1257.69000 0.00828 1257.69000 0.00000 0.00000 -0.00000 0.00000 
0.05600 -0.49303 1258.69000 0.00827 1258.69000 0.00000 0.00000 -0.00000 0.00000 
0.05700 -0.49222 1257.89000 0.00826 1257.89000 0.00000 0.00000 -0.00000 0.00000 
0.05800 -0.49139 1257.17000 0.00825 1257.17000 0.00000 0.00000 -0.00000 0.00000 
0.05900 -0.49054 1257.25000 0.00824 1257.25000 0.00000 0.00000 -0.00000 0.00000 
0.06000 -0.48968 1258.14000 0.00823 1258.14000 0.00000 0.00000 -0.00000 0.00000 
0.06100 -0.48879 1257.43000 0.00822 1257.43000 0.00000 0.00000 -0.00000 0.00000 
0.06200 -0.48788 1256.74000 0.00821 1256.74000 0.00000 0.00000 -0.00000 0.00000 
0.06300 -0.48696 1256.79000 0.00820 1256.79000 0.00000 0.00000 -0.00000 0.00000 
0.06400 -0.48602 1257.55000 0.00819 1257.55000 0.00000 0.00000 -0.00000 0.00000 
0.06500 -0.48506 1256.94000 0.00817 1256.94000 0.00000 0.00000 -0.00000 0.00000 
0.06600 -0.48408 1256.28000 0.00816 1256.28000 0.00000 0.00000 -0.00000 0.00000 
0.06700 -0.48309 1256.29000 0.00815 1256.29000 0.00000 0.00000 -0.00000 0.00000 
0.06800 -0.48208 1256.92000 0.00814 1256.92000 0.00000 0.00000 -0.00000 0.00000 
0.06900 -0.48105 1256.40000 0.00812 1256.40000 0.00000 0.00000 -0.00000 0.00000 
0.07000 -0.47999 1255.79000 0.00811 1255.79000 0.00000 0.00000 -0.00000 0.00000 
0.07100 -0.47893 1255.75000 0.00810 1255.75000 0.00000 0.00000 -0.00000 0.00000 
0.07200 -0.47784 1256.26000 0.00809 1256.26000 0.00000 0.00000 -0.00000 0.00000 
0.07300 -0.47674 1255.82000 0.00807 1255.82000 0.00000 0.00000 -0.00000 0.00000 
0.07400 -0.47562 1255.27000 0.00806 1255.27000 0.00000 0.00000 -0.00000 0.00000 
0.07500 -0.47448 1255.19000 0.00804 1255.19000 0.00000 0.00000 -0.00000 0.00000 
0.07600 -0.47333 1255.57000 0.00803 1255.57000 0.00000 0.00000 -0.00000 0.00000 
0.07700 -0.47215 1255.20000 0.00802 1255.20000 0.00000 0.00000 -0.00000 0.00000 
0.07800 -0.47096 1254.71000 0.00800 1254.71000 0.00000 0.00000 -0.00000 0.00000 
0.07900 -0.46975 1254.60000 0.00799 1254.60000 0.00000 0.00000 -0.00000 0.00000 
0.08000 -0.46853 1254.85000 0.00797 1254.85000 0.00000 0.00000 -0.00000 0.00000 
0.08100 -0.46729 1254.55000 0.00796 1254.55000 0.00000 0.00000 -0.00000 0.00000 
0.08200 -0.46603 1254.13000 0.00794 1254.13000 0.00000 0.00000 -0.00000 0.00000 
0.08300 -0.46475 1253.99000 0.00792 1253.99000 0.00000 0.00000 -0.00000 0.00000 
0.08400 -0.46346 1254.10000 0.00791 1254.10000 -0.00000 0.00000 -0.00000 0.00000 
0.08500 -0.46215 1253.86000 0.00789 1253.86000 -0.00000 0.00000 -0.00000 0.00000 
0.08600 -0.46082 1253.52000 0.00788 1253.52000 -0.00000 0.00000 -0.00000 0.00000 
0.08700 -0.45948 1253.35000 0.00786 1253.35000 -0.00000 0.00000 -0.00000 0.00000 
0.08800 -0.45812 1253.32000 0.00784 1253.32000 -0.00000 0.00000 -0.00000 0.00000 
0.08900 -0.45674 1253.14000 0.00783 1253.14000 0.00000 0.00000 0.00000 0.00001 
0.09000 -0.45535 1252.88000 0.00781 1252.88000 -0.00000 0.00000 -0.00000 0.00000 
0.09100 -0.45394 1252.69000 0.00779 1252.69000 -0.00000 0.00000 -0.00000 0.00000 
0.09200 -0.45252 1252.52000 0.00777 1252.52000 -0.00000 0.00000 -0.00000 0.00000 
0.09300 -0.45107 1252.38000 0.00776 1252.38000 -0.00000 0.00000 -0.00000 0.00000 
0.09400 -0.44961 1252.22000 0.00774 1252.22000 -0.00000 0.00000 -0.00000 0.00000 
0.09500 -0.44814 1252.01000 0.00772 1252.01000 -0.00000 0.00000 -0.00000 0.00000 
0.09600 -0.44665 1251.70000 0.00770 1251.70000 -0.00000 0.00000 -0.00000 0.00000 
0.09700 -0.44514 1251.59000 0.00768 1251.59000 -0.00000 0.00000 -0.00000 0.00000 
0.09800 -0.44362 1251.54000 0.00766 1251.54000 -0.00000 0.00000 -0.00000 0.00000 
0.09900 -0.44208 1251.30000 0.00765 1251.30000 -0.00000 0.00000 -0.00000 0.00000 
0.10000 -0.44053 1250.85000 0.00763 1250.85000 -0.00000 0.00000 -0.00000 0.00000 
0.10100 -0.43896 1250.78000 0.00761 1250.78000 -0.00000 0.00000 -0.00000 0.00000 
0.10200 -0.43737 1250.83000 0.00759 1250.83000 -0.00000 0.00000 0.00000 0.00000 
0.10300 -0.43577 1250.58000 0.00757 1250.58000 -0.00000 0.00000 -0.00000 0.00000 
0.10400 -0.43415 1249.99000 0.00755 1249.99000 -0.00000 0.00000 -0.00000 0.00000 
0.10500 -0.43251 1249.93000 0.00753 1249.93000 -0.00000 0.00000 -0.00000 0.00000 
0.10600 -0.43087 1250.11000 0.00751 1250.11000 -0.00000 0.00000 -0.00000 0.00000 
0.10700 -0.42920 1249.85000 0.00749 1249.85000 -0.00000 0.00000 -0.00000 0.00000 
0.10800 -0.42752 1249.11000 0.00747 1249.11000 -0.00000 0.00000 -0.00000 0.00000 
0.10900 -0.42582 1249.06000 0.00745 1249.06000 -0.00000 0.00000 -0.00000 0.00000 
0.11000 -0.42411 1249.36000 0.00742 1249.36000 -0.00000 0.00000 -0.00000 0.00000 
0.11100 -0.42238 1249.09000 0.00740 1249.09000 -0.00000 0.00000 -0.00000 0.00000 
0.11200 -0.42063 1248.21000 0.00738 1248.21000 -0.00000 0.00000 -0.00000 0.00000 
0.11300 -0.41887 1248.14000 0.00736 1248.14000 -0.00000 0.00000 -0.00000 0.00000 
0.11400 -0.41712 1248.61000 0.00734 1248.61000 -0.00000 0.00000 -0.00000 0.00000 
0.11500 -0.41534 1248.36000 0.00732 1248.36000 -0.00000 0.00000 -0.00000 0.00000 
0.11600 -0.41355 1247.37000 0.00730 1247.37000 -0.00000 0.00000 -0.00000 0.00000 
0.11700 -0.41170 1247.28000 0.00727 1247.28000 -0.00000 0.00000 -0.00000 0.00000 
0.11800 -0.40981 1247.78000 0.00725 1247.78000 -0.00000 0.00000 -0.00000 0.00000 
0.11900 -0.40790 1247.39000 0.00723 1247.39000 -0.00000 0.00000 -0.00000 0.00000 
0.12000 -0.40597 1246.05000 0.00720 1246.05000 -0.00000 0.00000 -0.00000 0.00000 
0.12100 -0.40417 1246.03000 0.00718 1246.03000 -0.00000 0.00000 -0.00000 0.00000 
0.12200 -0.40248 1247.27000 0.00716 1247.27000 -0.00000 0.00000 -0.00000 0.00000 
0.12300 -0.40078 1247.64000 0.00714 1247.64000 -0.00000 0.00000 -0.00000 0.00000 
0.12400 -0.39905 1247.09000 0.00712 1247.09000 -0.00000 0.00000 -0.00000 0.00000 
0.12500 -0.39678 1246.35000 0.00709 1246.35000 -0.00000 0.00000 -0.00000 0.00000 
0.12600 -0.39399 1244.85000 0.00705 1244.85000 -0.00000 0.00000 -0.00000 0.00000 
0.12700 -0.39120 1241.63000 0.00701 1241.63000 -0.00000 0.00000 -0.00000 0.00000 
0.12800 -0.38840 1236.65000 0.00698 1236.65000 -0.00000 0.00000 -0.00000 0.00000 
0.12900 -0.38339 1230.28000 0.00690 1230.28000 -0.00000 0.00000 -0.00000 0.00000 
0.13000 -0.37613 1220.29000 0.00679 1220.29000 -0.00000 0.00000 -0.00000 0.00000 
0.13100 -0.36893 1205.45000 0.00667 1205.45000 -0.00000 0.00000 -0.00000 0.00000 
0.13200 -0.36181 1185.75000 0.00656 1185.75000 -0.00000 0.00000 -0.00000 0.00000 
0.13300 -0.35504 1171.06000 0.00645 1171.06000 -0.00000 0.00000 -0.00000 0.00000 
0.13400 -0.34865 1162.94000 0.00635 1162.94000 -0.00000 0.00000 -0.00000 0.00000 
0.13500 -0.34233 1150.41000 0.00625 1150.41000 -0.00000 0.00000 -0.00000 0.00000 
0.13600 -0.33607 1133.48000 0.00615 1133.48000 -0.00000 0.00000 -0.00000 0.00000 
0.13700 -0.32985 1119.86000 0.00605 1119.86000 -0.00000 0.00000 -0.00000 0.00000 
0.13800 -0.32365 1111.11000 0.00595 1111.11000 -0.00000 0.00000 -0.00000 0.00000 
0.13900 -0.31753 1098.01000 0.00585 1098.01000 -0.00000 0.00000 -0.00000 0.00000 
0.14000 -0.31149 1080.62000 0.00576 1080.62000 -0.00000 0.00000 -0.00000 0.00000 
0.14100 -0.30555 1066.46000 0.00566 1066.46000 -0.00000 0.00000 -0.00000 0.00000 
0.14200 -0.29975 1057.74000 0.00557 1057.74000 -0.00000 0.00000 -0.00000 0.00000 
0.14300 -0.29402 1044.95000 0.00547 1044.95000 -0.00000 0.00000 -0.00000 0.00000 
0.14400 -0.28837 1028.18000 0.00538 1028.18000 -0.00000 0.00000 -0.00000 0.00000 
0.14500 -0.28282 1014.03000 0.00529 1014.03000 -0.00000 0.00000 -0.00000 0.00000 
0.14600 -0.27737 1005.01000 0.00520 1005.01000 -0.00000 0.00000 -0.00000 0.00000 
0.14700 -0.27200 992.25300 0.00511 992.25293 -0.00000 0.00000 -0.00000 0.00000 
0.14800 -0.26671 975.85700 0.00502 975.85675 -0.00000 0.00000 -0.00000 0.00000 
0.14900 -0.26153 961.61500 0.00493 961.61500 -0.00000 0.00000 -0.00000 0.00000 
0.15000 -0.25645 952.27600 0.00485 952.27600 0.00000 0.00000 -0.00000 0.00000 
0.15100 -0.25146 939.61100 0.00476 939.61100 -0.00000 0.00000 -0.00000 0.00000 
0.15200 -0.24655 923.72229 0.00468 923.72229 -0.00000 -0.00000 -0.00000 0.00000 
0.15300 -0.24175 909.49646 0.00460 909.49646 -0.00000 -0.00000 -0.00000 0.00000 
0.15400 -0.23705 899.74700 0.00452 899.74707 -0.00000 -0.00000 -0.00000 0.00000 
0.15500 -0.23243 887.12600 0.00444 887.12600 -0.00000 -0.00000 -0.00000 0.00000 
0.15600 -0.22790 871.74700 0.00436 871.74700 -0.00000 -0.00000 -0.00000 0.00000 
0.15700 -0.22347 857.58606 0.00428 857.58606 -0.00000 -0.00000 -0.00000 0.00000 
0.15800 -0.21915 847.36969 0.00421 847.37000 -0.00000 -0.00000 -0.00000 0.00000 
0.15900 -0.21491 834.77600 0.00413 834.77600 -0.00000 -0.00000 -0.00000 0.00000 
0.16000 -0.21077 819.92865 0.00406 819.92865 -0.00000 -0.00000 -0.00000 0.00000 
0.16100 -0.20672 805.90100 0.00398 805.90100 -0.00000 -0.00000 -0.00000 0.00001 
0.16200 -0.20277 795.16510 0.00391 795.16500 -0.00000 -0.00000 -0.00000 0.00001 
0.16300 -0.19891 782.57400 0.00384 782.57400 -0.00000 -0.00001 -0.00000 0.00001 
0.16400 -0.19514 768.25700 0.00377 768.25700 -0.00000 -0.00001 -0.00000 0.00001 
0.16500 -0.19146 754.42450 0.00370 754.42450 0.00000 -0.00001 -0.00000 0.00001 
0.16600 -0.18788 743.13200 0.00364 743.13200 -0.00000 -0.00001 -0.00000 0.00001 
0.16700 -0.18440 730.52124 0.00357 730.52100 -0.00000 -0.00001 -0.00001 0.00001 
0.16800 -0.18100 716.72700 0.00351 716.72700 -0.00000 -0.00001 -0.00001 0.00001 
0.16900 -0.17769 703.14700 0.00344 703.14740 -0.00000 -0.00001 -0.00001 0.00001 
0.17000 -0.17448 691.27000 0.00338 691.27100 -0.00000 -0.00001 -0.00001 0.00001 
0.17100 -0.17135 678.61500 0.00332 678.61500 -0.00000 -0.00001 -0.00001 0.00001 
0.17200 -0.16832 665.31500 0.00326 665.31543 -0.00000 -0.00001 -0.00001 0.00002 
0.17300 -0.16537 652.04100 0.00320 652.04100 -0.00000 -0.00002 -0.00001 0.00002 
0.17400 -0.16252 639.58800 0.00314 639.58800 -0.00000 -0.00002 -0.00001 0.00002 
0.17500 -0.15975 626.88900 0.00308 626.88900 -0.00000 -0.00002 -0.00001 0.00002 
0.17600 -0.15707 614.07300 0.00303 614.07300 -0.00000 -0.00002 -0.00001 0.00002 
0.17700 -0.15447 601.14400 0.00297 601.14400 -0.00000 -0.00002 -0.00001 0.00002 
0.17800 -0.15194 588.04900 0.00292 588.04900 -0.00000 -0.00002 -0.00001 0.00003 
0.17900 -0.14950 575.20900 0.00287 575.20900 -0.00000 -0.00003 -0.00001 0.00003 
0.18000 -0.14714 562.74700 0.00281 562.74700 -0.00000 -0.00003 -0.00001 0.00003 
0.18100 -0.14488 550.20500 0.00276 550.20500 -0.00000 -0.00003 -0.00002 0.00004 
0.18200 -0.14276 536.79100 0.00271 536.79100 -0.00000 -0.00004 -0.00002 0.00004 
0.18300 -0.14072 524.12400 0.00267 524.12400 -0.00000 -0.00004 -0.00002 0.00004 
0.18400 -0.13875 512.31600 0.00262 512.31600 -0.00000 -0.00004 -0.00002 0.00005 
0.18500 -0.13679 500.13800 0.00257 500.13800 0.00000 -0.00005 -0.00002 0.00006 
0.18600 -0.13469 485.23053 0.00252 485.23056 -0.00000 -0.00006 -0.00003 0.00006 
0.18700 -0.13267 471.43700 0.00247 471.43700 0.00000 -0.00006 -0.00003 0.00007 
0.18800 -0.13073 458.86300 0.00243 458.86300 0.00000 -0.00007 -0.00003 0.00008 
0.18900 -0.12915 447.25400 0.00238 447.25400 0.00000 -0.00008 -0.00004 0.00009 
0.19000 -0.12849 436.06700 0.00236 436.06700 0.00000 -0.00009 -0.00004 0.00010 
0.19100 -0.12788 426.53700 0.00233 426.53700 -0.00000 -0.00010 -0.00005 0.00011 
0.19200 -0.12732 418.71300 0.00231 418.71300 0.00000 -0.00012 -0.00005 0.00013 
0.19300 -0.12744 413.35900 0.00230 413.35900 0.00000 -0.00014 -0.00006 0.00015 
0.19400 -0.12970 412.36400 0.00233 412.36400 0.00000 -0.00016 -0.00007 0.00018 
0.19500 -0.13194 413.41400 0.00236 413.41400 -0.00000 -0.00019 -0.00009 0.00021 
0.19600 -0.13414 416.45700 0.00239 416.45700 -0.00000 -0.00021 -0.00011 0.00023 
0.19700 -0.13623 419.42900 0.00242 419.42900 -0.00000 -0.00027 -0.00013 0.00030 
0.19800 -0.13795 416.87700 0.00244 416.87700 -0.00000 -0.00032 -0.00015 0.00036 
0.19900 -0.13966 416.15274 0.00246 416.15274 -0.00000 -0.00036 -0.00020 0.00041 
0.20000 -0.14135 417.22229 0.00248 417.22200 -0.00000 -0.00053 -0.00021 0.00057 
0.20100 -0.14305 418.77300 0.00250 418.77300 0.00000 -0.00059 -0.00030 0.00066 
0.20200 -0.14480 416.86700 0.00252 416.86700 -0.00000 -0.00076 -0.00037 0.00084 
0.20300 -0.14655 416.64500 0.00254 416.64502 -0.00000 -0.00095 -0.00048 0.00107 
0.20400 -0.14827 418.06897 0.00256 418.06897 -0.00000 -0.00135 -0.00053 0.00145 
0.20500 -0.14997 419.92400 0.00258 419.92400 0.00001 -0.00202 -0.00043 0.00206 
0.20600 -0.15163 418.04800 0.00260 418.04800 -0.00000 -0.00238 -0.00058 0.00245 
0.20700 -0.15326 417.70700 0.00262 417.70700 -0.00001 -0.00291 -0.00042 0.00294 
0.20800 -0.15488 418.86500 0.00263 418.86500 -0.00001 -0.00337 0.00049 0.00340 
0.20900 -0.15649 420.53800 0.00266 420.53800 -0.00001 -0.00259 0.00113 0.00282 
0.21000 -0.15808 418.85900 0.00269 418.85900 0.00000 -0.00104 0.00316 0.00333 
0.21100 -0.15965 418.57100 0.00272 418.57100 -0.00000 0.00111 0.00321 0.00340 
0.21200 -0.16120 419.64000 0.00274 419.64000 -0.00000 0.00214 0.00233 0.00316 
0.21300 -0.16273 421.25100 0.00276 421.25100 0.00000 0.00263 0.00256 0.00367 
0.21400 -0.16424 419.72168 0.00278 419.72171 -0.00001 0.00204 0.00163 0.00261 
0.21500 -0.16574 419.44500 0.00280 419.44500 0.00000 0.00165 0.00130 0.00210 
0.21600 -0.16722 420.38800 0.00281 420.38800 0.00000 0.00128 0.00099 0.00162 
0.21700 -0.16868 421.89500 0.00283 421.89500 -0.00000 0.00071 0.00057 0.00091 
0.21800 -0.17012 420.52500 0.00285 420.52478 0.00000 0.00080 0.00061 0.00100 
0.21900 -0.17154 420.27400 0.00287 420.27400 -0.00000 0.00045 0.00038 0.00059 
0.22000 -0.17295 421.10900 0.00288 421.10900 0.00000 0.00044 0.00034 0.00056 
0.22100 -0.17434 422.51355 0.00290 422.51358 0.00000 0.00034 0.00027 0.00043 
0.22200 -0.17571 421.29800 0.00292 421.29800 -0.00000 0.00028 0.00022 0.00035 
0.22300 -0.17707 421.07200 0.00293 421.07200 -0.00000 0.00022 0.00017 0.00028 
0.22400 -0.17841 421.80400 0.00295 421.80500 -0.00000 0.00018 0.00014 0.00023 
0.22500 -0.17973 423.09600 0.00297 423.09600 0.00000 0.00016 0.00012 0.00020 
0.22600 -0.18104 422.03400 0.00298 422.03400 0.00000 0.00016 0.00011 0.00019 
0.22700 -0.18232 421.83600 0.00300 421.83600 0.00000 0.00012 0.00009 0.00014 
0.22800 -0.18359 422.47300 0.00302 422.47300 0.00000 0.00011 0.00008 0.00013 
0.22900 -0.18485 423.64500 0.00303 423.64500 0.00000 0.00010 0.00007 0.00012 
0.23000 -0.18609 422.73400 0.00305 422.73400 0.00000 0.00008 0.00006 0.00010 
0.23100 -0.18730 422.56700 0.00306 422.56700 0.00000 0.00007 0.00005 0.00009 
0.23200 -0.18851 423.11300 0.00308 423.11300 0.00000 0.00006 0.00004 0.00008 
0.23300 -0.18970 424.16000 0.00309 424.16037 0.00000 0.00006 0.00004 0.00007 
0.23400 -0.19087 423.39800 0.00311 423.39800 -0.00000 0.00005 0.00003 0.00006 
0.23500 -0.19202 423.26300 0.00312 423.26300 0.00000 0.00005 0.00003 0.00006 
0.23600 -0.19316 423.72700 0.00314 423.72700 0.00000 0.00005 0.00003 0.00005 
0.23700 -0.19428 424.64200 0.00315 424.64200 -0.00000 0.00004 0.00003 0.00005 
0.23800 -0.19538 424.02700 0.00317 424.02700 0.00000 0.00004 0.00002 0.00005 
0.23900 -0.19647 423.92500 0.00318 423.92500 0.00000 0.00004 0.00002 0.00004 
0.24000 -0.19754 424.31100 0.00320 424.31100 0.00000 0.00004 0.00002 0.00004 
0.24100 -0.19860 425.09140 0.00321 425.09100 0.00000 0.00003 0.00002 0.00004 
0.24200 -0.19963 424.61800 0.00322 424.61850 0.00000 0.00003 0.00002 0.00003 
0.24300 -0.20065 424.55200 0.00324 424.55200 0.00000 0.00003 0.00001 0.00003 
0.24400 -0.20166 424.86700 0.00325 424.86700 0.00000 0.00003 0.00001 0.00003 
0.24500 -0.20265 425.50800 0.00326 425.50800 0.00000 0.00003 0.00001 0.00003 
0.24600 -0.20362 425.17400 0.00327 425.17400 0.00000 0.00003 0.00001 0.00003 
0.24700 -0.20458 425.14400 0.00329 425.14400 0.00000 0.00002 0.00001 0.00003 
0.24800 -0.20552 425.39300 0.00330 425.39300 0.00000 0.00002 0.00001 0.00003 
0.24900 -0.20644 425.89100 0.00331 425.89100 0.00000 0.00002 0.00001 0.00003 
0.25000 -0.20735 425.69200 0.00332 425.69200 0.00000 0.00002 0.00001 0.00002 
0.25100 -0.20824 425.69870 0.00333 425.69873 0.00000 0.00002 0.00001 0.00002 
0.25200 -0.20911 425.88800 0.00335 425.88797 0.00000 0.00002 0.00001 0.00002 
0.25300 -0.20997 426.23600 0.00336 426.23600 0.00000 0.00002 0.00001 0.00002 
0.25400 -0.21081 426.17276 0.00337 426.17300 0.00000 0.00002 0.00001 0.00002 
0.25500 -0.21163 426.21700 0.00338 426.21698 0.00000 0.00002 0.00001 0.00002 
0.25600 -0.21244 426.35200 0.00339 426.35200 0.00000 0.00002 0.00001 0.00002 
0.25700 -0.21323 426.55700 0.00340 426.55700 0.00000 0.00002 0.00001 0.00002 
0.25800 -0.21401 426.61600 0.00341 426.61600 0.00000 0.00002 0.00001 0.00002 
0.25900 -0.21476 426.69600 0.00342 426.69632 0.00000 0.00002 0.00001 0.00002 
0.26000 -0.21551 426.78200 0.00343 426.78200 0.00000 0.00002 0.00001 0.00002 
0.26100 -0.21623 426.85400 0.00344 426.85400 0.00000 0.00002 0.00001 0.00002 
0.26200 -0.21694 427.02200 0.00345 427.02200 0.00000 0.00002 0.00000 0.00002 
0.26300 -0.21763 427.14093 0.00346 427.14100 0.00000 0.00002 0.00000 0.00002 
0.26400 -0.21831 427.18600 0.00347 427.18600 0.00000 0.00002 0.00000 0.00002 
0.26500 -0.21897 427.13900 0.00347 427.13900 0.00000 0.00001 0.00000 0.00002 
0.26600 -0.21961 427.38800 0.00348 427.38800 0.00000 0.00001 0.00000 0.00002 
0.26700 -0.22023 427.53300 0.00349 427.53300 0.00000 0.00001 0.00000 0.00002 
0.26800 -0.22084 427.53100 0.00350 427.53100 0.00000 0.00001 0.00000 0.00001 
0.26900 -0.22143 427.36500 0.00351 427.36500 0.00000 0.00001 0.00000 0.00001 
0.27000 -0.22201 427.72000 0.00352 427.72000 0.00000 0.00001 0.00000 0.00001 
0.27100 -0.22257 427.93200 0.00352 427.93200 0.00000 0.00001 0.00000 0.00001 
0.27200 -0.22312 427.93000 0.00353 427.93000 0.00000 0.00001 0.00000 0.00001 
0.27300 -0.22365 427.69800 0.00354 427.69800 0.00000 0.00001 0.00000 0.00001 
0.27400 -0.22414 427.99900 0.00354 427.99900 -0.00000 0.00001 0.00000 0.00001 
0.27500 -0.22462 428.12200 0.00355 428.12200 0.00000 0.00001 0.00000 0.00001 
0.27600 -0.22508 427.97400 0.00356 427.97400 0.00000 0.00001 0.00000 0.00001 
0.27700 -0.22552 427.54300 0.00356 427.54300 0.00000 0.00001 0.00000 0.00001 
0.27800 -0.22601 428.28100 0.00357 428.28100 0.00000 0.00001 0.00000 0.00001 
0.27900 -0.22649 428.87100 0.00358 428.87100 0.00000 0.00001 0.00000 0.00001 
0.28000 -0.22694 429.12400 0.00358 429.12400 0.00000 0.00001 0.00000 0.00001 
0.28100 -0.22739 429.02900 0.00359 429.02900 0.00000 0.00001 0.00000 0.00001 
0.28200 -0.22759 428.40900 0.00359 428.40900 0.00000 0.00001 0.00000 0.00001 
0.28300 -0.22776 427.44000 0.00359 427.44000 0.00000 0.00001 0.00000 0.00001 
0.28400 -0.22791 426.13400 0.00359 426.13382 0.00000 0.00001 0.00000 0.00001 
0.28500 -0.22804 424.47600 0.00359 424.47600 0.00000 0.00001 0.00000 0.00001 
0.28600 -0.22910 429.79800 0.00361 429.79800 0.00000 0.00001 0.00000 0.00001 
0.28700 -0.23028 435.77400 0.00364 435.77400 0.00000 0.00001 0.00000 0.00001 
0.28800 -0.23145 441.21700 0.00366 441.21700 0.00000 0.00001 0.00000 0.00001 
0.28900 -0.23259 446.13900 0.00369 446.13900 0.00000 0.00001 0.00000 0.00001 
0.29000 -0.23485 459.73800 0.00374 459.73800 0.00000 0.00001 0.00000 0.00001 
0.29100 -0.23730 474.38100 0.00379 474.38100 0.00000 0.00001 0.00000 0.00001 
0.29200 -0.23972 488.41100 0.00385 488.41100 0.00000 0.00001 0.00000 0.00001 
0.29300 -0.24211 501.86800 0.00390 501.86795 0.00000 0.00001 0.00000 0.00001 
0.29400 -0.24427 515.11300 0.00395 515.11300 0.00000 0.00001 0.00000 0.00001 
0.29500 -0.24635 527.95100 0.00400 527.95200 0.00000 0.00001 0.00000 0.00001 
0.29600 -0.24842 540.35300 0.00405 540.35300 0.00000 0.00001 0.00000 0.00001 
0.29700 -0.25047 552.35100 0.00410 552.35100 0.00000 0.00001 0.00000 0.00001 
0.29800 -0.25257 565.54500 0.00414 565.54500 0.00000 0.00001 0.00000 0.00001 
0.29900 -0.25468 578.75300 0.00419 578.75354 0.00000 0.00001 0.00000 0.00001 
0.30000 -0.25677 591.64600 0.00424 591.64600 0.00000 0.00001 0.00000 0.00001 
0.30100 -0.25884 604.25200 0.00429 604.25200 0.00000 0.00001 0.00000 0.00001 
0.30200 -0.26089 617.26000 0.00434 617.26000 0.00000 0.00001 0.00000 0.00001 
0.30300 -0.26292 630.20600 0.00439 630.20600 0.00000 0.00001 0.00000 0.00001 
0.30400 -0.26494 642.94700 0.00443 642.94700 0.00000 0.00001 0.00000 0.00001 
0.30500 -0.26696 655.50600 0.00448 655.50600 0.00000 0.00001 0.00000 0.00001 
0.30600 -0.26901 668.59600 0.00453 668.59600 0.00000 0.00000 0.00000 0.00000 
0.30700 -0.27106 681.74000 0.00458 681.74000 0.00000 0.00000 0.00000 0.00000 
0.30800 -0.27310 694.76600 0.00463 694.76600 0.00000 0.00000 0.00000 0.00000 
0.30900 -0.27514 707.69200 0.00467 707.69200 0.00000 0.00000 0.00000 0.00000 
0.31000 -0.27708 720.09845 0.00472 720.09900 0.00000 0.00000 0.00000 0.00000 
0.31100 -0.27898 732.30400 0.00477 732.30400 0.00000 0.00000 0.00000 0.00000 
0.31200 -0.28088 744.45700 0.00481 744.45700 0.00000 0.00000 0.00000 0.00000 
0.31300 -0.28277 756.56800 0.00485 756.56800 0.00000 0.00000 0.00000 0.00000 
0.31400 -0.28505 771.18500 0.00491 771.18500 0.00000 0.00000 0.00000 0.00000 
0.31500 -0.28746 786.63200 0.00497 786.63200 0.00000 0.00000 0.00000 0.00000 
0.31600 -0.28986 802.06400 0.00502 802.06400 0.00000 0.00000 0.00000 0.00000 
0.31700 -0.29227 817.48700 0.00508 817.48800 0.00000 0.00000 0.00000 0.00000 
0.31800 -0.29291 821.61200 0.00509 821.61200 0.00000 0.00000 0.00000 0.00000 
0.31900 -0.29291 821.61300 0.00510 821.61300 0.00000 0.00000 0.00000 0.00000 
0.32000 -0.29291 821.61300 0.00510 821.61300 0.00000 0.00000 0.00000 0.00000 
0.32100 -0.29291 821.61200 0.00510 821.61200 0.00000 0.00000 0.00000 0.00000 
0.32200 -0.29119 810.56100 0.00506 810.56100 0.00000 0.00000 0.00000 0.00000 
0.32300 -0.28878 795.13400 0.00500 795.13400 0.00000 0.00000 0.00000 0.00000 
0.32400 -0.28638 779.69700 0.00494 779.69700 0.00000 0.00000 0.00000 0.00000 
0.32500 -0.28397 764.24054 0.00489 764.24100 0.00000 0.00000 0.00000 0.00000 
0.32600 -0.28192 751.13200 0.00484 751.13300 0.00000 0.00000 0.00000 0.00000 
0.32700 -0.28002 739.00400 0.00480 739.00400 0.00000 0.00000 0.00000 0.00000 
0.32800 -0.27813 726.82900 0.00475 726.82900 0.00000 0.00000 0.00000 0.00000 
0.32900 -0.27622 714.59600 0.00471 714.59600 0.00000 0.00000 0.00000 0.00000 
0.33000 -0.27423 701.89800 0.00466 701.89800 0.00000 0.00000 0.00000 0.00000 
0.33100 -0.27218 688.92900 0.00461 688.92926 0.00000 0.00000 0.00000 0.00000 
0.33200 -0.27014 675.85200 0.00457 675.85200 0.00000 0.00000 0.00000 0.00000 
0.33300 -0.26809 662.64800 0.00452 662.64800 0.00000 0.00000 0.00000 0.00001 
0.33400 -0.26606 649.88623 0.00447 649.88600 0.00000 0.00001 0.00000 0.00001 
0.33500 -0.26404 637.24800 0.00443 637.24823 0.00000 0.00001 0.00000 0.00001 
0.33600 -0.26201 624.41800 0.00438 624.41800 0.00000 0.00001 0.00000 0.00001 
0.33700 -0.25997 611.37200 0.00433 611.37200 0.00000 0.00001 0.00000 0.00001 
0.33800 -0.25791 598.62300 0.00428 598.62400 0.00000 0.00001 0.00000 0.00001 
0.33900 -0.25583 585.89300 0.00424 585.89270 0.00000 0.00001 0.00000 0.00001 
0.34000 -0.25373 572.86200 0.00419 572.86200 0.00000 0.00001 0.00000 0.00001 
0.34100 -0.25163 559.50100 0.00414 559.50100 0.00000 0.00001 0.00000 0.00001 
0.34200 -0.24955 547.01000 0.00409 547.01000 0.00000 0.00001 0.00000 0.00001 
0.34300 -0.24749 534.83500 0.00405 534.83500 0.00000 0.00001 0.00000 0.00001 
0.34400 -0.24542 522.24100 0.00400 522.24115 0.00000 0.00001 0.00000 0.00001 
0.34500 -0.24332 509.19500 0.00395 509.19500 0.00000 0.00001 0.00000 0.00001 
0.34600 -0.24104 495.89200 0.00390 495.89200 0.00000 0.00001 0.00000 0.00001 
0.34700 -0.23863 482.18300 0.00385 482.18300 0.00000 0.00001 0.00000 0.00001 
0.34800 -0.23620 467.88300 0.00379 467.88300 0.00000 0.00001 0.00000 0.00001 
0.34900 -0.23375 452.95000 0.00374 452.95000 0.00000 0.00001 0.00000 0.00001 
0.35000 -0.23208 443.99200 0.00370 443.99200 0.00000 0.00001 0.00000 0.00001 
0.35100 -0.23093 438.83800 0.00368 438.83800 0.00000 0.00001 0.00000 0.00001 
0.35200 -0.22975 433.15600 0.00366 433.15600 0.00000 0.00001 0.00000 0.00001 
0.35300 -0.22856 426.93700 0.00363 426.93689 0.00000 0.00001 0.00000 0.00001 
0.35400 -0.22798 425.26500 0.00362 425.26500 0.00000 0.00001 0.00000 0.00001 
0.35500 -0.22784 426.76300 0.00362 426.76300 0.00000 0.00001 0.00000 0.00001 
0.35600 -0.22769 427.91600 0.00362 427.91600 0.00000 0.00001 0.00000 0.00001 
0.35700 -0.22752 428.73900 0.00362 428.73900 0.00000 0.00001 0.00000 0.00001 
0.35800 -0.22719 429.11500 0.00362 429.11500 0.00000 0.00001 0.00000 0.00001 
0.35900 -0.22674 429.05300 0.00362 429.05300 0.00000 0.00001 0.00000 0.00001 
0.36000 -0.22627 428.64700 0.00361 428.64700 0.00000 0.00001 0.00000 0.00001 
0.36100 -0.22579 427.91000 0.00360 427.90976 0.00000 0.00001 0.00000 0.00001 
0.36200 -0.22532 427.77300 0.00360 427.77300 0.00000 0.00001 0.00000 0.00001 
0.36300 -0.22487 428.07500 0.00359 428.07500 0.00000 0.00001 0.00000 0.00001 
0.36400 -0.22441 428.09900 0.00359 428.09900 0.00000 0.00001 0.00000 0.00001 
0.36500 -0.22392 427.85900 0.00358 427.85900 0.00000 0.00001 0.00000 0.00001 
0.36600 -0.22341 427.83200 0.00358 427.83200 0.00000 0.00001 0.00000 0.00001 
0.36700 -0.22287 427.95900 0.00357 427.95874 0.00000 0.00001 0.00000 0.00001 
0.36800 -0.22232 427.86200 0.00356 427.86300 0.00000 0.00001 0.00000 0.00001 
0.36900 -0.22175 427.55900 0.00356 427.55900 0.00000 0.00001 0.00000 0.00001 
0.37000 -0.22117 427.46100 0.00355 427.46100 0.00000 0.00001 0.00000 0.00001 
0.37100 -0.22057 427.55100 0.00354 427.55100 0.00000 0.00001 0.00000 0.00001 
0.37200 -0.21995 427.48500 0.00353 427.48465 0.00000 0.00001 0.00000 0.00002 
0.37300 -0.21932 427.27900 0.00353 427.27900 0.00000 0.00002 0.00000 0.00002 
0.37400 -0.21867 427.17300 0.00352 427.17276 0.00000 0.00002 0.00000 0.00002 
0.37500 -0.21801 427.17600 0.00351 427.17630 0.00000 0.00002 0.00000 0.00002 
0.37600 -0.21732 427.09500 0.00350 427.09500 0.00000 0.00002 0.00000 0.00002 
0.37700 -0.21662 426.94900 0.00349 426.94900 0.00000 0.00002 0.00001 0.00002 
0.37800 -0.21591 426.82500 0.00348 426.82500 0.00000 0.00002 0.00001 0.00002 
0.37900 -0.21517 426.74400 0.00347 426.74400 0.00000 0.00002 0.00001 0.00002 
0.38000 -0.21442 426.65800 0.00347 426.65800 0.00000 0.00002 0.00001 0.00002 
0.38100 -0.21366 426.58700 0.00346 426.58728 0.00000 0.00002 0.00001 0.00002 
0.38200 -0.21288 426.45800 0.00345 426.45800 0.00000 0.00002 0.00001 0.00002 
0.38300 -0.21208 426.28200 0.00344 426.28200 0.00000 0.00002 0.00001 0.00002 
0.38400 -0.21126 426.18400 0.00343 426.18454 0.00000 0.00002 0.00001 0.00002 
0.38500 -0.21043 426.18900 0.00342 426.18900 0.00000 0.00002 0.00001 0.00002 
0.38600 -0.20958 426.06200 0.00340 426.06200 0.00000 0.00002 0.00001 0.00002 
0.38700 -0.20872 425.78186 0.00339 425.78200 0.00000 0.00002 0.00001 0.00002 
0.38800 -0.20784 425.67200 0.00338 425.67200 0.00000 0.00002 0.00001 0.00002 
0.38900 -0.20694 425.75400 0.00337 425.75400 0.00000 0.00002 0.00001 0.00003 
0.39000 -0.20603 425.64000 0.00336 425.64000 0.00000 0.00002 0.00001 0.00003 
0.39100 -0.20509 425.24800 0.00335 425.24800 0.00000 0.00003 0.00001 0.00003 
0.39200 -0.20415 425.12100 0.00334 425.12100 0.00000 0.00003 0.00001 0.00003 
0.39300 -0.20319 425.28400 0.00332 425.28500 0.00000 0.00003 0.00001 0.00003 
0.39400 -0.20221 425.19300 0.00331 425.19300 0.00000 0.00003 0.00001 0.00003 
0.39500 -0.20121 424.68000 0.00330 424.68000 0.00000 0.00003 0.00002 0.00003 
0.39600 -0.20020 424.53300 0.00329 424.53300 0.00000 0.00003 0.00002 0.00004 
0.39700 -0.19917 424.77900 0.00327 424.77900 0.00000 0.00003 0.00002 0.00004 
0.39800 -0.19812 424.72200 0.00326 424.72200 0.00000 0.00004 0.00002 0.00004 
0.39900 -0.19706 424.07900 0.00325 424.07900 0.00000 0.00004 0.00002 0.00004 
0.40000 -0.19598 423.90900 0.00323 423.90900 -0.00000 0.00004 0.00002 0.00004 
0.40100 -0.19489 424.23800 0.00322 424.23800 0.00000 0.00004 0.00003 0.00005 
0.40200 -0.19378 424.22700 0.00320 424.22700 0.00000 0.00004 0.00003 0.00005 
0.40300 -0.19265 423.44600 0.00319 423.44635 0.00000 0.00005 0.00003 0.00006 
0.40400 -0.19150 423.24800 0.00318 423.24800 0.00000 0.00005 0.00003 0.00006 
0.40500 -0.19034 423.66100 0.00316 423.66100 0.00000 0.00006 0.00004 0.00007 
0.40600 -0.18916 423.70871 0.00315 423.70900 0.00000 0.00007 0.00005 0.00009 
0.40700 -0.18797 422.78200 0.00313 422.78200 -0.00000 0.00007 0.00005 0.00008 
0.40800 -0.18676 422.55200 0.00312 422.55200 0.00000 0.00008 0.00006 0.00010 
0.40900 -0.18553 423.04900 0.00310 423.04950 0.00000 0.00010 0.00007 0.00012 
0.41000 -0.18429 423.16800 0.00308 423.16800 0.00000 0.00010 0.00007 0.00013 
0.41100 -0.18302 422.08600 0.00307 422.08600 0.00000 0.00012 0.00009 0.00015 
0.41200 -0.18174 421.82000 0.00305 421.82000 -0.00000 0.00013 0.00010 0.00017 
0.41300 -0.18045 422.40200 0.00303 422.40200 0.00000 0.00016 0.00012 0.00020 
0.41400 -0.17914 422.60556 0.00302 422.60600 0.00000 0.00020 0.00015 0.00025 
0.41500 -0.17781 421.35910 0.00300 421.35900 -0.00000 0.00021 0.00017 0.00027 
0.41600 -0.17646 421.05300 0.00298 421.05300 0.00000 0.00027 0.00021 0.00034 
0.41700 -0.17510 421.72000 0.00297 421.72000 -0.00000 0.00031 0.00024 0.00039 
0.41800 -0.17372 422.02200 0.00295 422.02200 -0.00000 0.00034 0.00028 0.00045 
0.41900 -0.17232 420.60200 0.00293 420.60200 -0.00000 0.00047 0.00037 0.00060 
0.42000 -0.17090 420.25000 0.00291 420.25000 -0.00000 0.00057 0.00046 0.00073 
0.42100 -0.16947 421.00000 0.00290 421.00000 0.00000 0.00083 0.00064 0.00105 
0.42200 -0.16802 421.41600 0.00288 421.41600 -0.00000 0.00113 0.00088 0.00143 
0.42300 -0.16655 419.81600 0.00286 419.81600 -0.00000 0.00124 0.00095 0.00157 
0.42400 -0.16507 419.41600 0.00284 419.41600 -0.00001 0.00137 0.00098 0.00168 
0.42500 -0.16357 420.25200 0.00283 420.25174 0.00000 0.00209 0.00190 0.00282 
0.42600 -0.16205 420.79600 0.00281 420.79600 0.00000 0.00216 0.00244 0.00326 
0.42700 -0.16050 418.99400 0.00278 418.99400 -0.00000 0.00153 0.00266 0.00306 
0.42800 -0.15894 418.53000 0.00276 418.53000 -0.00000 0.00016 0.00282 0.00282 
0.42900 -0.15737 419.43800 0.00273 419.43800 0.00000 -0.00154 0.00233 0.00280 
0.43000 -0.15577 420.13100 0.00270 420.13100 0.00000 -0.00258 0.00110 0.00280 
0.43100 -0.15416 418.16200 0.00268 418.16200 0.00000 -0.00299 0.00055 0.00304 
0.43200 -0.15253 417.67300 0.00266 417.67300 0.00000 -0.00270 -0.00001 0.00270 
0.43300 -0.15089 418.69800 0.00264 418.69800 0.00000 -0.00213 -0.00034 0.00216 
0.43400 -0.14921 419.54300 0.00262 419.54300 -0.00000 -0.00151 -0.00052 0.00160 
0.43500 -0.14750 417.22800 0.00260 417.22818 -0.00000 -0.00118 -0.00045 0.00126 
0.43600 -0.14577 416.53900 0.00258 416.53891 -0.00000 -0.00098 -0.00035 0.00104 
0.43700 -0.14402 417.51300 0.00255 417.51300 0.00000 -0.00073 -0.00031 0.00079 
0.43800 -0.14227 418.56485 0.00253 418.56485 -0.00000 -0.00055 -0.00027 0.00061 
0.43900 -0.14059 416.52200 0.00251 416.52200 -0.00000 -0.00044 -0.00022 0.00049 
0.44000 -0.13889 416.25400 0.00249 416.25400 -0.00000 -0.00037 -0.00018 0.00041 
0.44100 -0.13718 417.79500 0.00247 417.79500 -0.00000 -0.00031 -0.00015 0.00034 
0.44200 -0.13535 418.96700 0.00244 418.96700 0.00000 -0.00028 -0.00011 0.00030 
0.44300 -0.13315 414.84700 0.00241 414.84700 0.00000 -0.00022 -0.00010 0.00024 
0.44400 -0.13094 412.69300 0.00238 412.69300 -0.00000 -0.00018 -0.00009 0.00020 
0.44500 -0.12869 412.55500 0.00235 412.55500 -0.00000 -0.00016 -0.00007 0.00017 
0.44600 -0.12703 415.15000 0.00233 415.15000 0.00000 -0.00014 -0.00006 0.00015 
0.44700 -0.12757 422.01300 0.00235 422.01300 0.00000 -0.00012 -0.00005 0.00013 
0.44800 -0.12815 430.60900 0.00238 430.60900 -0.00000 -0.00010 -0.00005 0.00011 
0.44900 -0.12878 440.89000 0.00240 440.89000 0.00000 -0.00009 -0.00004 0.00010 
0.45000 -0.12970 452.49649 0.00243 452.49700 -0.00000 -0.00008 -0.00004 0.00009 
0.45100 -0.13159 464.35300 0.00247 464.35300 -0.00000 -0.00007 -0.00003 0.00008 
0.45200 -0.13356 477.48700 0.00252 477.48700 -0.00000 -0.00006 -0.00003 0.00007 
0.45300 -0.13562 491.79500 0.00257 491.79500 -0.00000 -0.00006 -0.00003 0.00006 
0.45400 -0.13770 506.21700 0.00262 506.21700 -0.00000 -0.00005 -0.00002 0.00006 
0.45500 -0.13962 517.50647 0.00267 517.50647 -0.00000 -0.00004 -0.00002 0.00005 
0.45600 -0.14162 529.71400 0.00271 529.71400 -0.00000 -0.00004 -0.00002 0.00005 
0.45700 -0.14370 542.73000 0.00276 542.73000 -0.00000 -0.00004 -0.00002 0.00004 
0.45800 -0.14587 556.08800 0.00281 556.08800 -0.00000 -0.00003 -0.00002 0.00004 
0.45900 -0.14819 568.29000 0.00286 568.29000 -0.00000 -0.00003 -0.00001 0.00003 
0.46000 -0.15058 580.93700 0.00291 580.93700 -0.00000 -0.00003 -0.00001 0.00003 
0.46100 -0.15307 593.90600 0.00297 593.90600 -0.00000 -0.00002 -0.00001 0.00003 
0.46200 -0.15563 607.01000 0.00302 607.01000 -0.00000 -0.00002 -0.00001 0.00003 
0.46300 -0.15826 619.83500 0.00307 619.83500 -0.00000 -0.00002 -0.00001 0.00002 
0.46400 -0.16098 632.61500 0.00313 632.61500 -0.00000 -0.00002 -0.00001 0.00002 
0.46500 -0.16379 645.21900 0.00319 645.22000 -0.00000 -0.00002 -0.00001 0.00002 
0.46600 -0.16668 657.76200 0.00325 657.76200 -0.00000 -0.00002 -0.00001 0.00002 
0.46700 -0.16967 671.36000 0.00331 671.36000 -0.00000 -0.00001 -0.00001 0.00002 
0.46800 -0.17274 684.38700 0.00337 684.38700 -0.00000 -0.00001 -0.00001 0.00001 
0.46900 -0.17591 696.70900 0.00343 696.70900 -0.00000 -0.00001 -0.00001 0.00001 
0.47000 -0.17916 708.67000 0.00349 708.67000 -0.00000 -0.00001 -0.00001 0.00001 
0.47100 -0.18251 723.06000 0.00356 723.06000 -0.00000 -0.00001 -0.00001 0.00001 
0.47200 -0.18595 736.33960 0.00363 736.34000 -0.00000 -0.00001 -0.00001 0.00001 
0.47300 -0.18948 748.37500 0.00369 748.37500 -0.00000 -0.00001 -0.00001 0.00001 
0.47400 -0.19310 759.68100 0.00376 759.68100 -0.00000 -0.00001 -0.00000 0.00001 
0.47500 -0.19682 774.89200 0.00383 774.89200 -0.00000 -0.00001 -0.00000 0.00001 
0.47600 -0.20063 788.45000 0.00390 788.45000 -0.00000 -0.00001 -0.00000 0.00001 
0.47700 -0.20453 800.22400 0.00398 800.22400 -0.00000 -0.00000 -0.00000 0.00001 
0.47800 -0.20852 810.83300 0.00405 810.83300 -0.00000 -0.00000 -0.00000 0.00001 
0.47900 -0.21262 826.86800 0.00412 826.86800 -0.00000 -0.00000 -0.00000 0.00001 
0.48000 -0.21680 840.71900 0.00420 840.71900 -0.00000 -0.00000 -0.00000 0.00000 
0.48100 -0.22108 852.26000 0.00428 852.26000 -0.00000 -0.00000 -0.00000 0.00000 
0.48200 -0.22544 862.14000 0.00436 862.14000 -0.00000 -0.00000 -0.00000 0.00000 
0.48300 -0.22992 878.98800 0.00444 878.98800 -0.00000 -0.00000 -0.00000 0.00000 
0.48400 -0.23449 893.14300 0.00452 893.14300 -0.00000 -0.00000 -0.00000 0.00000 
0.48500 -0.23914 904.48800 0.00460 904.48800 -0.00000 -0.00000 -0.00000 0.00000 
0.48600 -0.24389 913.63100 0.00469 913.63100 -0.00000 -0.00000 -0.00000 0.00000 
0.48700 -0.24874 931.25100 0.00477 931.25100 -0.00000 -0.00000 -0.00000 0.00000 
0.48800 -0.25369 945.70400 0.00486 945.70400 -0.00000 0.00000 -0.00000 0.00000 
0.48900 -0.25872 956.88800 0.00495 956.88800 -0.00000 0.00000 -0.00000 0.00000 
0.49000 -0.26384 965.30200 0.00503 965.30200 -0.00000 0.00000 -0.00000 0.00000 
0.49100 -0.26908 983.66600 0.00513 983.66600 -0.00000 0.00000 -0.00000 0.00000 
0.49200 -0.27440 998.43700 0.00522 998.43700 -0.00000 0.00000 -0.00000 0.00000 
0.49300 -0.27981 1009.53000 0.00531 1009.53000 -0.00000 0.00000 -0.00000 0.00000 
0.49400 -0.28530 1017.26000 0.00541 1017.26000 -0.00000 0.00000 -0.00000 0.00000 
0.49500 -0.29090 1036.20000 0.00550 1036.20000 -0.00000 0.00000 0.00000 0.00000 
0.49600 -0.29658 1051.19000 0.00560 1051.19000 -0.00000 0.00000 -0.00000 0.00000 
0.49700 -0.30234 1062.16000 0.00570 1062.16000 -0.00000 0.00000 -0.00000 0.00000 
0.49800 -0.30818 1069.22000 0.00580 1069.22000 -0.00000 0.00000 -0.00000 0.00000 
0.49900 -0.31419 1088.96000 0.00590 1088.96000 -0.00000 0.00000 -0.00000 0.00000 
0.50000 -0.32027 1104.43000 0.00600 1104.43000 -0.00000 0.00000 -0.00000 0.00000 
0.50100 -0.32643 1115.58000 0.00610 1115.58000 -0.00000 0.00000 -0.00000 0.00000 
0.50200 -0.33265 1122.37000 0.00621 1122.37000 -0.00000 0.00000 -0.00000 0.00000 
0.50300 -0.33887 1141.62000 0.00631 1141.62000 -0.00000 0.00000 -0.00000 0.00000 
0.50400 -0.34515 1156.58000 0.00642 1156.58000 -0.00000 0.00000 -0.00000 0.00000 
0.50500 -0.35151 1167.14000 0.00653 1167.14000 -0.00000 0.00000 -0.00000 0.00000 
0.50600 -0.35792 1173.27000 0.00663 1173.27000 -0.00000 0.00000 -0.00000 0.00000 
0.50700 -0.36500 1195.20000 0.00675 1195.20000 -0.00000 0.00000 -0.00000 0.00000 
0.50800 -0.37215 1212.71000 0.00687 1212.71000 -0.00000 0.00000 -0.00000 0.00000 
0.50900 -0.37938 1225.38000 0.00699 1225.38000 -0.00000 0.00000 -0.00000 0.00000 
0.51000 -0.38668 1233.19000 0.00711 1233.19000 -0.00000 0.00000 -0.00000 0.00000 
0.51100 -0.38965 1239.10000 0.00716 1239.10000 -0.00000 0.00000 -0.00000 0.00000 
0.51200 -0.39245 1243.29000 0.00720 1243.29000 -0.00000 0.00000 -0.00000 0.00000 
0.51300 -0.39524 1245.73000 0.00724 1245.73000 -0.00000 0.00000 -0.00000 0.00000 
0.51400 -0.39803 1246.47000 0.00729 1246.47000 -0.00000 0.00000 -0.00000 0.00000 
0.51500 -0.39982 1247.45000 0.00731 1247.45000 -0.00000 0.00000 -0.00000 0.00000 
0.51600 -0.40154 1247.59000 0.00734 1247.59000 -0.00000 0.00000 -0.00000 0.00000 
0.51700 -0.40324 1246.82000 0.00736 1246.82000 -0.00000 0.00000 -0.00000 0.00000 
0.51800 -0.40491 1245.20000 0.00738 1245.20000 -0.00000 0.00000 -0.00000 0.00000 
0.51900 -0.40683 1246.77000 0.00741 1246.77000 -0.00000 0.00000 -0.00000 0.00000 
0.52000 -0.40875 1247.68000 0.00744 1247.68000 -0.00000 0.00000 -0.00000 0.00000 
0.52100 -0.41065 1247.66000 0.00747 1247.66000 -0.00000 0.00000 -0.00000 0.00000 
0.52200 -0.41254 1246.77000 0.00749 1246.77000 -0.00000 0.00000 -0.00000 0.00000 
0.52300 -0.41435 1247.91000 0.00752 1247.91000 -0.00000 0.00000 -0.00000 0.00001 
0.52400 -0.41614 1248.56000 0.00755 1248.56000 -0.00000 0.00000 -0.00000 0.00000 
0.52500 -0.41790 1248.48000 0.00757 1248.48000 -0.00000 0.00000 -0.00000 0.00000 
0.52600 -0.41965 1247.72000 0.00760 1247.72000 -0.00000 0.00000 -0.00000 0.00000 
0.52700 -0.42141 1248.68000 0.00762 1248.68000 -0.00000 0.00000 -0.00000 0.00000 
0.52800 -0.42315 1249.29000 0.00765 1249.29000 -0.00000 0.00000 -0.00000 0.00000 
0.52900 -0.42488 1249.30000 0.00768 1249.30000 -0.00000 0.00000 -0.00000 0.00000 
0.53000 -0.42658 1248.74000 0.00770 1248.74000 -0.00000 0.00000 -0.00000 0.00000 
0.53100 -0.42827 1249.50000 0.00773 1249.50000 -0.00000 0.00000 -0.00000 0.00000 
0.53200 -0.42995 1250.02000 0.00775 1250.02000 -0.00000 0.00000 -0.00000 0.00000 
0.53300 -0.43160 1250.08000 0.00778 1250.08000 -0.00000 0.00000 -0.00000 0.00000 
0.53400 -0.43324 1249.72000 0.00780 1249.72000 -0.00000 0.00000 -0.00000 0.00000 
0.53500 -0.43487 1250.30000 0.00782 1250.30000 -0.00000 0.00000 -0.00000 0.00000 
0.53600 -0.43648 1250.74000 0.00785 1250.74000 -0.00000 0.00000 -0.00000 0.00000 
0.53700 -0.43808 1250.84000 0.00787 1250.84000 -0.00000 0.00000 -0.00000 0.00000 
0.53800 -0.43966 1250.66000 0.00790 1250.66000 -0.00000 0.00000 -0.00000 0.00000 
0.53900 -0.44122 1251.08000 0.00792 1251.08000 -0.00000 0.00000 -0.00000 0.00000 
0.54000 -0.44277 1251.43000 0.00794 1251.43000 -0.00000 0.00000 -0.00000 0.00000 
0.54100 -0.44430 1251.58000 0.00797 1251.58000 -0.00000 0.00000 -0.00000 0.00000 
0.54200 -0.44582 1251.57000 0.00799 1251.57000 -0.00000 0.00000 -0.00000 0.00000 
0.54300 -0.44731 1251.85000 0.00801 1251.85000 -0.00000 0.00000 -0.00000 0.00000 
0.54400 -0.44880 1252.11000 0.00804 1252.11000 -0.00000 0.00000 -0.00000 0.00000 
0.54500 -0.45027 1252.30000 0.00806 1252.30000 -0.00000 0.00000 -0.00000 0.00000 
0.54600 -0.45172 1252.44000 0.00808 1252.44000 -0.00000 0.00000 -0.00000 0.00000 
0.54700 -0.45315 1252.60000 0.00810 1252.60000 -0.00000 0.00000 -0.00000 0.00000 
0.54800 -0.45457 1252.77000 0.00813 1252.77000 -0.00000 0.00000 -0.00000 0.00000 
0.54900 -0.45597 1252.99000 0.00815 1252.99000 -0.00000 0.00000 -0.00000 0.00000 
0.55000 -0.45736 1253.27000 0.00817 1253.27000 0.00000 0.00000 -0.00000 0.00000 
0.55100 -0.45872 1253.32000 0.00819 1253.32000 -0.00000 0.00000 -0.00000 0.00000 
0.55200 -0.46008 1253.41000 0.00821 1253.41000 -0.00000 0.00000 -0.00000 0.00000 
0.55300 -0.46141 1253.65000 0.00824 1253.65000 0.00000 0.00000 -0.00000 0.00000 
0.55400 -0.46273 1254.07000 0.00826 1254.07000 0.00000 0.00000 -0.00000 0.00000 
0.55500 -0.46403 1254.02000 0.00828 1254.02000 0.00000 0.00000 -0.00000 0.00000 
0.55600 -0.46532 1254.02000 0.00830 1254.02000 0.00000 0.00000 -0.00000 0.00000 
0.55700 -0.46659 1254.28000 0.00832 1254.28000 0.00000 0.00000 -0.00000 0.00000 
0.55800 -0.46784 1254.83000 0.00834 1254.83000 0.00000 0.00000 -0.00000 0.00000 
0.55900 -0.46907 1254.70000 0.00836 1254.70000 0.00000 0.00000 -0.00000 0.00000 
0.56000 -0.47029 1254.61000 0.00838 1254.61000 0.00000 0.00000 -0.00000 0.00000 
0.56100 -0.47149 1254.88000 0.00840 1254.88000 0.00000 0.00000 -0.00000 0.00000 
0.56200 -0.47267 1255.55000 0.00842 1255.55000 0.00000 0.00000 -0.00000 0.00000 
0.56300 -0.47384 1255.35000 0.00844 1255.35000 0.00000 0.00000 -0.00000 0.00000 
0.56400 -0.47498 1255.17000 0.00846 1255.17000 0.00000 0.00000 -0.00000 0.00000 
0.56500 -0.47612 1255.45000 0.00848 1255.45000 0.00000 0.00000 -0.00000 0.00000 
0.56600 -0.47723 1256.22000 0.00850 1256.22000 0.00000 0.00000 -0.00000 0.00000 
0.56700 -0.47832 1255.97000 0.00851 1255.97000 0.00000 0.00000 -0.00000 0.00000 
0.56800 -0.47940 1255.70000 0.00853 1255.70000 0.00000 0.00000 -0.00000 0.00000 
0.56900 -0.48046 1255.99000 0.00855 1255.99000 0.00000 0.00000 -0.00000 0.00000 
0.57000 -0.48150 1256.86000 0.00857 1256.86000 0.00000 0.00000 -0.00000 0.00000 
0.57100 -0.48252 1256.56000 0.00859 1256.56000 0.00000 0.00000 -0.00000 0.00000 
0.57200 -0.48353 1256.20000 0.00860 1256.20000 0.00000 0.00000 -0.00000 0.00000 
0.57300 -0.48452 1256.49000 0.00862 1256.49000 0.00000 0.00000 -0.00000 0.00000 
0.57400 -0.48549 1257.45000 0.00864 1257.45000 0.00000 0.00000 -0.00000 0.00000 
0.57500 -0.48644 1257.12000 0.00866 1257.12000 0.00000 0.00000 -0.00000 0.00000 
0.57600 -0.48737 1256.68000 0.00867 1256.68000 0.00000 0.00000 -0.00000 0.00000 
0.57700 -0.48828 1256.96000 0.00869 1256.96000 0.00000 0.00000 -0.00000 0.00000 
0.57800 -0.48918 1257.99000 0.00870 1257.99000 0.00000 0.00000 -0.00000 0.00000 
0.57900 -0.49006 1257.64000 0.00872 1257.64000 0.00000 0.00000 0.00000 0.00000 
0.58000 -0.49091 1257.12000 0.00874 1257.12000 0.00000 0.00000 -0.00000 0.00000 
0.58100 -0.49175 1257.39000 0.00875 1257.39000 0.00000 0.00000 -0.00000 0.00000 
0.58200 -0.49258 1258.49000 0.00877 1258.49000 0.00000 0.00000 -0.00000 0.00000 
0.58300 -0.49338 1258.13000 0.00878 1258.13000 0.00000 0.00000 -0.00000 0.00000 
0.58400 -0.49416 1257.52000 0.00880 1257.52000 0.00000 0.00000 -0.00000 0.00000 
0.58500 -0.49492 1257.78000 0.00881 1257.78000 0.00000 0.00000 -0.00000 0.00000 
0.58600 -0.49567 1258.94000 0.00883 1258.94000 0.00000 0.00000 -0.00000 0.00000 
0.58700 -0.49639 1258.58000 0.00884 1258.58000 0.00000 0.00000 -0.00000 0.00000 
0.58800 -0.49710 1257.90000 0.00886 1257.90000 0.00000 0.00000 -0.00000 0.00000 
0.58900 -0.49778 1258.15000 0.00887 1258.15000 0.00000 0.00000 -0.00000 0.00000 
0.59000 -0.49846 1259.35000 0.00888 1259.35000 0.00000 0.00000 -0.00000 0.00000 
0.59100 -0.49910 1259.00000 0.00890 1259.00000 0.00000 0.00000 -0.00000 0.00000 
0.59200 -0.49972 1258.22000 0.00891 1258.22000 0.00000 0.00000 -0.00000 0.00000 
0.59300 -0.50033 1258.43000 0.00892 1258.43000 0.00000 0.00000 -0.00000 0.00000 
0.59400 -0.50092 1259.66000 0.00893 1259.66000 0.00000 0.00000 -0.00000 0.00000 
0.59500 -0.50149 1259.36000 0.00895 1259.36000 0.00000 0.00000 -0.00000 0.00000 
0.59600 -0.50205 1258.56000 0.00896 1258.56000 0.00000 0.00000 -0.00000 0.00000 
0.59700 -0.50260 1258.81000 0.00897 1258.81000 0.00000 0.00000 -0.00000 0.00000 
0.59800 -0.50313 1260.11000 0.00898 1260.11000 0.00000 0.00000 -0.00000 0.00000 
0.59900 -0.50359 1259.73000 0.00899 1259.73000 0.00000 0.00000 -0.00000 0.00000 
0.60000 -0.50401 1258.66000 0.00901 1258.66000 0.00000 0.00000 -0.00000 0.00000 
0.60100 -0.50441 1258.70000 0.00902 1258.70000 0.00000 0.00000 -0.00000 0.00000 
0.60200 -0.50479 1259.84000 0.00903 1259.84000 0.00000 0.00000 -0.00000 0.00000 
0.60300 -0.50529 1259.86000 0.00904 1259.86000 0.00000 0.00000 -0.00000 0.00000 
0.60400 -0.50586 1259.43000 0.00905 1259.43000 0.00000 0.00000 -0.00000 0.00000 
0.60500 -0.50641 1260.11000 0.00906 1260.11000 0.00000 0.00000 -0.00000 0.00000 
0.60600 -0.50695 1261.89000 0.00908 1261.89000 0.00000 0.00000 -0.00000 0.00000 
0.60700 -0.50387 1253.90000 0.00903 1253.90000 0.00000 0.00000 -0.00000 0.00000 
0.60800 -0.49813 1239.61000 0.00893 1239.61000 0.00000 0.00000 -0.00000 0.00000 
0.60900 -0.49237 1227.09000 0.00883 1227.09000 0.00000 0.00000 -0.00000 0.00000 
0.61000 -0.48658 1216.23000 0.00874 1216.23000 0.00000 0.00000 -0.00000 0.00000 
0.61100 -0.48061 1203.02000 0.00863 1203.02000 0.00000 0.00000 -0.00000 0.00000 
0.61200 -0.47448 1188.25000 0.00853 1188.25000 0.00000 0.00000 -0.00000 0.00000 
0.61300 -0.46834 1174.84000 0.00843 1174.84000 0.00000 0.00000 -0.00000 0.00000 
0.61400 -0.46218 1162.71000 0.00832 1162.71000 0.00000 0.00000 -0.00000 0.00000 
0.61500 -0.45604 1149.39000 0.00822 1149.39000 0.00000 0.00000 -0.00000 0.00000 
0.61600 -0.44990 1135.16000 0.00812 1135.16000 0.00000 0.00000 -0.00000 0.00000 
0.61700 -0.44376 1121.94000 0.00801 1121.94000 0.00000 0.00000 -0.00000 0.00000 
0.61800 -0.43760 1109.62000 0.00791 1109.62000 0.00000 0.00000 -0.00000 0.00000 
0.61900 -0.43141 1096.41000 0.00780 1096.41000 0.00000 0.00000 -0.00000 0.00000 
0.62000 -0.42520 1082.43000 0.00770 1082.43000 0.00000 0.00000 -0.00000 0.00000 
0.62100 -0.41898 1069.13000 0.00759 1069.13000 0.00000 0.00000 -0.00000 0.00000 
0.62200 -0.41275 1056.44000 0.00748 1056.44000 0.00000 0.00000 -0.00000 0.00000 
0.62300 -0.40651 1043.24000 0.00738 1043.24000 0.00000 0.00000 -0.00000 0.00000 
0.62400 -0.40027 1029.52000 0.00727 1029.53000 0.00000 0.00000 -0.00000 0.00000 
0.62500 -0.39402 1016.23000 0.00717 1016.23000 0.00000 0.00000 -0.00000 0.00000 
0.62600 -0.38776 1003.30000 0.00706 1003.30000 0.00000 0.00000 -0.00000 0.00000 
0.62700 -0.38150 990.10500 0.00695 990.10500 0.00000 0.00000 -0.00000 0.00000 
0.62800 -0.37523 976.59200 0.00684 976.59200 0.00000 0.00000 -0.00000 0.00000 
0.62900 -0.36896 963.29800 0.00674 963.29800 0.00000 0.00000 -0.00000 0.00000 
0.63000 -0.36269 950.18500 0.00663 950.18600 0.00000 0.00000 -0.00000 0.00000 
0.63100 -0.35642 936.97100 0.00652 936.97100 0.00000 0.00000 -0.00000 0.00000 
0.63200 -0.35014 923.60400 0.00641 923.60400 0.00000 0.00000 -0.00000 0.00000 
0.63300 -0.34386 910.32100 0.00631 910.32135 0.00000 0.00000 -0.00000 0.00000 
0.63400 -0.33758 897.10000 0.00620 897.10000 0.00000 0.00000 -0.00000 0.00000 
0.63500 -0.33131 883.86100 0.00609 883.86084 0.00000 0.00000 -0.00000 0.00000 
0.63600 -0.32503 870.57800 0.00598 870.57800 0.00000 0.00000 -0.00000 0.00000 
0.63700 -0.31875 857.30800 0.00587 857.30800 0.00000 0.00000 -0.00000 0.00000 
0.63800 -0.31247 844.04300 0.00576 844.04300 0.00000 0.00000 -0.00000 0.00000 
0.63900 -0.30901 836.73900 0.00570 836.73900 0.00000 -0.00000 -0.00000 0.00000 
0.64000 -0.30901 836.73900 0.00571 836.73900 0.00000 -0.00000 -0.00000 0.00000 
0.64100 -0.30901 836.73900 0.00571 836.73900 0.00000 -0.00000 -0.00000 0.00000 
0.64200 -0.30901 836.73900 0.00571 836.73900 0.00000 -0.00000 -0.00000 0.00000 
0.64300 -0.30901 836.73900 0.00572 836.73900 0.00000 -0.00000 -0.00000 0.00000 
0.64400 -0.30901 836.73900 0.00572 836.73900 0.00000 -0.00000 -0.00000 0.00000 
0.64500 -0.30901 836.73900 0.00572 836.73900 0.00000 -0.00000 -0.00000 0.00000 
0.64600 -0.30901 836.73900 0.00573 836.73900 0.00000 -0.00000 -0.00000 0.00000 
0.64700 -0.30901 836.73900 0.00573 836.73900 0.00000 -0.00000 -0.00000 0.00000 
0.64800 -0.30901 836.73900 0.00573 836.73900 0.00000 -0.00000 -0.00000 0.00000 
0.64900 -0.30901 836.73900 0.00573 836.73900 0.00000 -0.00000 -0.00000 0.00000 
0.65000 -0.30901 836.73900 0.00574 836.73900 0.00000 -0.00000 -0.00000 0.00000 
