Time(s) Force[Z](Spherical:10)(N) Force[Y](Spherical:10)(N) Force[X](Spherical:10)(N) Force(Spherical:10)(N) Moment[Z](Spherical:10)(N.mm) Moment[Y](Spherical:10)(N.mm) Moment[X](Spherical:10)(N.mm) Moment(Spherical:10)(N.mm) 
0.00000 -0.04962 -835.22400 0.00085 835.22400 0.00000 0.00000 0.00005 0.00005 
0.00100 -0.05099 -848.46400 0.00088 848.46400 -0.00000 -0.00000 0.00000 0.00000 
0.00200 -0.05236 -861.70700 0.00090 861.70700 -0.00000 -0.00000 0.00000 0.00000 
0.00300 -0.05373 -874.95700 0.00092 874.95700 -0.00000 -0.00000 0.00000 0.00000 
0.00400 -0.05511 -888.22600 0.00095 888.22600 -0.00000 -0.00000 0.00000 0.00000 
0.00500 -0.05648 -901.40000 0.00097 901.40000 -0.00000 -0.00000 0.00000 0.00000 
0.00600 -0.05785 -914.62200 0.00099 914.62200 -0.00000 -0.00000 0.00000 0.00000 
0.00700 -0.05922 -927.91500 0.00101 927.91500 -0.00000 -0.00000 0.00000 0.00000 
0.00800 -0.06059 -941.30500 0.00104 941.30500 -0.00000 -0.00000 0.00000 0.00000 
0.00900 -0.06196 -954.32600 0.00106 954.32600 -0.00000 -0.00000 0.00000 0.00000 
0.01000 -0.06333 -967.49100 0.00108 967.49100 -0.00000 -0.00000 0.00000 0.00000 
0.01100 -0.06470 -980.85400 0.00111 980.85400 -0.00000 -0.00000 0.00000 0.00000 
0.01200 -0.06607 -994.45700 0.00113 994.45700 -0.00000 -0.00000 0.00000 0.00000 
0.01300 -0.06744 -1007.24000 0.00115 1007.24000 -0.00000 -0.00000 0.00000 0.00000 
0.01400 -0.06880 -1020.30000 0.00117 1020.30000 -0.00000 -0.00000 0.00000 0.00000 
0.01500 -0.07017 -1033.76000 0.00120 1033.76000 -0.00000 -0.00000 0.00000 0.00000 
0.01600 -0.07153 -1047.65000 0.00122 1047.65000 -0.00000 -0.00000 0.00000 0.00000 
0.01700 -0.07289 -1060.15000 0.00124 1060.15000 -0.00000 -0.00000 0.00000 0.00000 
0.01800 -0.07425 -1073.08000 0.00127 1073.08000 -0.00000 -0.00000 0.00000 0.00000 
0.01900 -0.07560 -1086.65000 0.00129 1086.65000 -0.00000 -0.00000 0.00000 0.00000 
0.02000 -0.07695 -1100.94000 0.00131 1100.94000 -0.00000 -0.00000 0.00000 0.00000 
0.02100 -0.07829 -1113.03000 0.00133 1113.03000 -0.00000 -0.00000 0.00000 0.00000 
0.02200 -0.07963 -1125.72000 0.00136 1125.72000 -0.00000 -0.00000 0.00000 0.00000 
0.02300 -0.08095 -1139.36000 0.00138 1139.36000 -0.00000 -0.00000 0.00000 0.00000 
0.02400 -0.08228 -1154.03000 0.00140 1154.03000 -0.00000 -0.00000 0.00000 0.00000 
0.02500 -0.08361 -1165.89000 0.00142 1165.89000 -0.00000 -0.00000 0.00000 0.00000 
0.02600 -0.08494 -1178.56000 0.00144 1178.56000 -0.00000 -0.00000 0.00000 0.00000 
0.02700 -0.08626 -1192.54000 0.00147 1192.54000 -0.00000 -0.00000 0.00000 0.00000 
0.02800 -0.08756 -1207.95000 0.00149 1207.95000 -0.00000 -0.00000 0.00000 0.00000 
0.02900 -0.08882 -1218.70000 0.00151 1218.70000 -0.00000 -0.00000 0.00000 0.00000 
0.03000 -0.09005 -1230.27000 0.00153 1230.27000 -0.00000 -0.00000 0.00000 0.00000 
0.03100 -0.09127 -1243.55000 0.00155 1243.55000 -0.00000 -0.00000 0.00000 0.00000 
0.03200 -0.09248 -1258.63000 0.00157 1258.63000 -0.00000 -0.00000 0.00000 0.00000 
0.03300 -0.09250 -1258.67000 0.00157 1258.67000 -0.00000 -0.00000 0.00000 0.00000 
0.03400 -0.09234 -1257.38000 0.00157 1257.38000 -0.00000 -0.00000 0.00000 0.00000 
0.03500 -0.09218 -1257.21000 0.00157 1257.21000 -0.00000 -0.00000 0.00000 0.00000 
0.03600 -0.09200 -1258.12000 0.00156 1258.12000 -0.00000 -0.00000 0.00000 0.00000 
0.03700 -0.09187 -1256.91000 0.00156 1256.91000 -0.00000 -0.00000 0.00000 0.00000 
0.03800 -0.09174 -1256.27000 0.00156 1256.27000 -0.00000 -0.00000 0.00000 0.00000 
0.03900 -0.09159 -1256.73000 0.00156 1256.73000 -0.00000 -0.00000 0.00000 0.00000 
0.04000 -0.09144 -1258.28000 0.00155 1258.28000 -0.00000 -0.00000 0.00000 0.00000 
0.04100 -0.09128 -1257.12000 0.00155 1257.12000 -0.00000 -0.00000 0.00000 0.00000 
0.04200 -0.09110 -1256.29000 0.00155 1256.29000 -0.00000 -0.00000 0.00000 0.00000 
0.04300 -0.09092 -1256.51000 0.00154 1256.51000 -0.00000 -0.00000 0.00000 0.00000 
0.04400 -0.09073 -1257.77000 0.00154 1257.77000 -0.00000 -0.00000 0.00000 0.00000 
0.04500 -0.09054 -1256.71000 0.00154 1256.71000 -0.00000 -0.00000 0.00000 0.00000 
0.04600 -0.09034 -1255.94000 0.00153 1255.94000 -0.00000 -0.00000 0.00000 0.00000 
0.04700 -0.09013 -1256.17000 0.00153 1256.17000 -0.00000 -0.00000 0.00000 0.00000 
0.04800 -0.08992 -1257.39000 0.00153 1257.39000 -0.00000 -0.00000 0.00000 0.00000 
0.04900 -0.08970 -1256.41000 0.00152 1256.41000 -0.00000 -0.00000 0.00000 0.00000 
0.05000 -0.08947 -1255.64000 0.00152 1255.64000 -0.00000 -0.00000 0.00000 0.00000 
0.05100 -0.08924 -1255.81000 0.00152 1255.81000 -0.00000 -0.00000 0.00000 0.00000 
0.05200 -0.08900 -1256.91000 0.00151 1256.91000 -0.00000 -0.00000 0.00000 0.00000 
0.05300 -0.08875 -1256.03000 0.00151 1256.03000 -0.00000 -0.00000 0.00000 0.00000 
0.05400 -0.08850 -1255.28000 0.00150 1255.28000 -0.00000 -0.00000 0.00000 0.00000 
0.05500 -0.08824 -1255.41000 0.00150 1255.41000 -0.00000 -0.00000 0.00000 0.00000 
0.05600 -0.08797 -1256.41000 0.00150 1256.41000 -0.00000 -0.00000 0.00000 0.00000 
0.05700 -0.08770 -1255.62000 0.00149 1255.62000 -0.00000 -0.00000 0.00000 0.00000 
0.05800 -0.08742 -1254.89000 0.00149 1254.89000 -0.00000 -0.00000 0.00000 0.00000 
0.05900 -0.08713 -1254.98000 0.00148 1254.98000 -0.00000 -0.00000 0.00000 0.00000 
0.06000 -0.08684 -1255.86000 0.00148 1255.86000 -0.00000 -0.00000 0.00000 0.00000 
0.06100 -0.08654 -1255.16000 0.00147 1255.16000 -0.00000 -0.00000 0.00000 0.00000 
0.06200 -0.08623 -1254.47000 0.00147 1254.47000 -0.00000 -0.00000 0.00000 0.00000 
0.06300 -0.08592 -1254.51000 0.00146 1254.51000 -0.00000 -0.00000 0.00000 0.00000 
0.06400 -0.08559 -1255.28000 0.00146 1255.28000 -0.00000 -0.00000 0.00000 0.00000 
0.06500 -0.08527 -1254.66000 0.00145 1254.66000 -0.00000 -0.00000 0.00000 0.00000 
0.06600 -0.08493 -1254.01000 0.00145 1254.01000 -0.00000 -0.00000 0.00000 0.00000 
0.06700 -0.08459 -1254.01000 0.00144 1254.01000 -0.00000 -0.00000 0.00000 0.00000 
0.06800 -0.08424 -1254.65000 0.00143 1254.65000 -0.00000 -0.00000 0.00000 0.00000 
0.06900 -0.08389 -1254.12000 0.00143 1254.12000 -0.00000 -0.00000 0.00000 0.00000 
0.07000 -0.08353 -1253.52000 0.00142 1253.52000 -0.00000 -0.00000 0.00000 0.00000 
0.07100 -0.08316 -1253.48000 0.00142 1253.48000 -0.00000 -0.00000 0.00000 0.00000 
0.07200 -0.08278 -1253.99000 0.00141 1253.99000 -0.00000 -0.00000 0.00000 0.00000 
0.07300 -0.08240 -1253.55000 0.00140 1253.55000 -0.00000 -0.00000 0.00000 0.00000 
0.07400 -0.08201 -1253.00000 0.00140 1253.00000 -0.00000 -0.00000 0.00000 0.00000 
0.07500 -0.08162 -1252.92000 0.00139 1252.92000 -0.00000 -0.00000 0.00000 0.00000 
0.07600 -0.08121 -1253.30000 0.00139 1253.30000 -0.00000 -0.00000 0.00000 0.00000 
0.07700 -0.08080 -1252.93000 0.00138 1252.93000 -0.00000 -0.00000 0.00000 0.00000 
0.07800 -0.08039 -1252.45000 0.00137 1252.45000 -0.00000 -0.00000 0.00000 0.00000 
0.07900 -0.07997 -1252.34000 0.00136 1252.34000 -0.00000 -0.00000 0.00000 0.00000 
0.08000 -0.07953 -1252.58000 0.00136 1252.58000 -0.00000 -0.00000 0.00000 0.00000 
0.08100 -0.07910 -1252.28000 0.00135 1252.28000 0.00000 -0.00000 0.00000 0.00000 
0.08200 -0.07865 -1251.86000 0.00134 1251.86000 0.00000 0.00000 0.00000 0.00000 
0.08300 -0.07820 -1251.72000 0.00134 1251.72000 0.00000 0.00000 0.00000 0.00000 
0.08400 -0.07774 -1251.83000 0.00133 1251.83000 0.00000 0.00000 0.00000 0.00000 
0.08500 -0.07728 -1251.59000 0.00132 1251.59000 0.00000 0.00000 0.00000 0.00000 
0.08600 -0.07681 -1251.26000 0.00131 1251.26000 0.00000 0.00000 0.00000 0.00000 
0.08700 -0.07633 -1251.09000 0.00131 1251.09000 0.00000 0.00000 0.00000 0.00000 
0.08800 -0.07584 -1251.06000 0.00130 1251.06000 0.00000 0.00000 0.00000 0.00000 
0.08900 -0.07535 -1250.87000 0.00129 1250.87000 -0.00000 0.00000 -0.00000 0.00000 
0.09000 -0.07485 -1250.62000 0.00128 1250.62000 0.00000 0.00000 0.00000 0.00000 
0.09100 -0.07434 -1250.43000 0.00127 1250.43000 0.00000 0.00000 0.00000 0.00000 
0.09200 -0.07383 -1250.26000 0.00126 1250.26000 0.00000 0.00000 0.00000 0.00000 
0.09300 -0.07330 -1250.12000 0.00126 1250.12000 0.00000 0.00000 0.00000 0.00000 
0.09400 -0.07277 -1249.96000 0.00125 1249.96000 0.00000 0.00000 0.00000 0.00000 
0.09500 -0.07224 -1249.75000 0.00124 1249.75000 0.00000 0.00000 0.00000 0.00000 
0.09600 -0.07169 -1249.44000 0.00123 1249.44000 0.00000 0.00000 0.00000 0.00000 
0.09700 -0.07114 -1249.33000 0.00122 1249.33000 0.00000 0.00000 0.00000 0.00000 
0.09800 -0.07058 -1249.28000 0.00121 1249.28000 0.00000 0.00000 0.00000 0.00000 
0.09900 -0.07001 -1249.05000 0.00120 1249.05000 0.00000 0.00000 0.00000 0.00000 
0.10000 -0.06944 -1248.60000 0.00119 1248.60000 0.00000 0.00000 0.00000 0.00000 
0.10100 -0.06886 -1248.52000 0.00118 1248.52000 0.00000 0.00000 0.00000 0.00000 
0.10200 -0.06827 -1248.58000 0.00117 1248.58000 0.00000 0.00000 -0.00000 0.00000 
0.10300 -0.06767 -1248.33000 0.00117 1248.33000 0.00000 0.00000 0.00000 0.00000 
0.10400 -0.06707 -1247.74000 0.00116 1247.74000 0.00000 0.00000 0.00000 0.00000 
0.10500 -0.06645 -1247.68000 0.00115 1247.68000 0.00000 0.00000 0.00000 0.00000 
0.10600 -0.06583 -1247.85000 0.00114 1247.85000 0.00000 0.00000 0.00000 0.00000 
0.10700 -0.06520 -1247.59000 0.00113 1247.59000 0.00000 0.00000 0.00000 0.00000 
0.10800 -0.06457 -1246.86000 0.00112 1246.86000 0.00000 0.00000 0.00000 0.00000 
0.10900 -0.06392 -1246.81000 0.00110 1246.81000 0.00000 0.00000 0.00000 0.00000 
0.11000 -0.06327 -1247.11000 0.00109 1247.11000 0.00000 0.00000 0.00000 0.00000 
0.11100 -0.06260 -1246.84000 0.00108 1246.84000 0.00000 0.00000 0.00000 0.00000 
0.11200 -0.06194 -1245.96000 0.00107 1245.96000 0.00000 0.00000 0.00000 0.00000 
0.11300 -0.06126 -1245.89000 0.00106 1245.89000 0.00000 0.00000 0.00000 0.00000 
0.11400 -0.06057 -1246.36000 0.00105 1246.36000 0.00000 0.00000 0.00000 0.00000 
0.11500 -0.05988 -1246.11000 0.00104 1246.11000 0.00000 0.00000 0.00000 0.00000 
0.11600 -0.05918 -1245.13000 0.00103 1245.13000 0.00000 0.00000 0.00000 0.00000 
0.11700 -0.05847 -1245.03000 0.00102 1245.03000 0.00000 0.00000 0.00000 0.00000 
0.11800 -0.05773 -1245.53000 0.00101 1245.53000 0.00000 0.00000 0.00000 0.00000 
0.11900 -0.05699 -1245.14000 0.00099 1245.14000 0.00000 0.00000 0.00000 0.00000 
0.12000 -0.05624 -1243.81000 0.00098 1243.81000 0.00000 0.00000 0.00000 0.00000 
0.12100 -0.05551 -1243.79000 0.00097 1243.79000 0.00000 0.00000 0.00000 0.00000 
0.12200 -0.05479 -1245.03000 0.00096 1245.03000 0.00000 0.00000 0.00000 0.00000 
0.12300 -0.05407 -1245.39000 0.00095 1245.39000 0.00000 0.00000 0.00000 0.00000 
0.12400 -0.05333 -1244.84000 0.00094 1244.84000 0.00000 0.00000 0.00000 0.00000 
0.12500 -0.05248 -1244.10000 0.00092 1244.10000 0.00000 0.00000 0.00000 0.00000 
0.12600 -0.05154 -1242.61000 0.00091 1242.61000 0.00000 0.00000 0.00000 0.00000 
0.12700 -0.05059 -1239.39000 0.00089 1239.39000 0.00000 0.00000 0.00000 0.00000 
0.12800 -0.04964 -1234.41000 0.00088 1234.41000 0.00000 0.00000 0.00000 0.00000 
0.12900 -0.04829 -1228.06000 0.00085 1228.06000 0.00000 0.00000 0.00000 0.00000 
0.13000 -0.04654 -1218.10000 0.00082 1218.10000 0.00000 0.00000 0.00000 0.00000 
0.13100 -0.04483 -1203.28000 0.00080 1203.28000 0.00000 0.00000 0.00000 0.00000 
0.13200 -0.04317 -1183.61000 0.00077 1183.61000 0.00000 0.00000 0.00000 0.00000 
0.13300 -0.04157 -1168.95000 0.00074 1168.95000 0.00000 0.00000 0.00000 0.00000 
0.13400 -0.04004 -1160.86000 0.00072 1160.86000 0.00000 0.00000 0.00000 0.00000 
0.13500 -0.03855 -1148.34000 0.00069 1148.34000 0.00000 0.00000 0.00000 0.00000 
0.13600 -0.03710 -1131.44000 0.00067 1131.44000 0.00000 0.00000 0.00000 0.00000 
0.13700 -0.03567 -1117.85000 0.00065 1117.85000 0.00000 0.00000 0.00000 0.00000 
0.13800 -0.03424 -1109.12000 0.00062 1109.12000 0.00000 0.00000 0.00000 0.00000 
0.13900 -0.03285 -1096.04000 0.00060 1096.04000 0.00000 0.00000 0.00000 0.00000 
0.14000 -0.03151 -1078.68000 0.00058 1078.68000 0.00000 0.00000 -0.00000 0.00000 
0.14100 -0.03020 -1064.54000 0.00056 1064.54000 0.00000 0.00000 -0.00000 0.00000 
0.14200 -0.02891 -1055.84000 0.00053 1055.84000 0.00000 0.00000 -0.00000 0.00000 
0.14300 -0.02767 -1043.08000 0.00051 1043.08000 0.00000 0.00000 -0.00000 0.00000 
0.14400 -0.02647 -1026.33000 0.00049 1026.33000 0.00000 0.00000 -0.00000 0.00000 
0.14500 -0.02530 -1012.21000 0.00047 1012.21000 0.00000 0.00000 -0.00000 0.00000 
0.14600 -0.02415 -1003.20000 0.00045 1003.20000 0.00000 0.00000 -0.00000 0.00000 
0.14700 -0.02305 -990.47400 0.00044 990.47400 0.00000 0.00000 -0.00000 0.00000 
0.14800 -0.02199 -974.10144 0.00042 974.10144 0.00000 0.00000 -0.00000 0.00000 
0.14900 -0.02096 -959.88400 0.00040 959.88400 0.00000 0.00000 -0.00000 0.00000 
0.15000 -0.01996 -950.56800 0.00039 950.56800 -0.00000 0.00000 -0.00000 0.00000 
0.15100 -0.01900 -937.92700 0.00037 937.92700 0.00000 0.00000 -0.00000 0.00000 
0.15200 -0.01809 -922.06100 0.00035 922.06100 0.00000 0.00000 -0.00000 0.00000 
0.15300 -0.01721 -907.85900 0.00034 907.85900 0.00000 0.00000 -0.00000 0.00000 
0.15400 -0.01636 -898.13300 0.00032 898.13300 0.00000 0.00000 0.00000 0.00000 
0.15500 -0.01556 -885.53500 0.00031 885.53500 0.00000 0.00000 -0.00000 0.00000 
0.15600 -0.01480 -870.17981 0.00030 870.17981 0.00000 0.00000 -0.00000 0.00000 
0.15700 -0.01407 -856.04300 0.00029 856.04300 0.00000 0.00000 -0.00000 0.00000 
0.15800 -0.01337 -845.85000 0.00027 845.85000 0.00000 0.00000 -0.00000 0.00000 
0.15900 -0.01272 -833.27900 0.00026 833.27900 0.00000 0.00000 -0.00000 0.00000 
0.16000 -0.01211 -818.45500 0.00025 818.45500 0.00000 0.00000 -0.00000 0.00000 
0.16100 -0.01154 -804.45100 0.00024 804.45100 0.00000 0.00000 -0.00000 0.00000 
0.16200 -0.01099 -793.73800 0.00023 793.73800 0.00000 0.00000 -0.00000 0.00000 
0.16300 -0.01049 -781.17000 0.00022 781.17000 0.00000 0.00000 -0.00000 0.00000 
0.16400 -0.01004 -766.87700 0.00022 766.87700 0.00000 0.00000 -0.00000 0.00000 
0.16500 -0.00962 -753.06700 0.00021 753.06700 -0.00000 0.00000 -0.00000 0.00000 
0.16600 -0.00923 -741.79700 0.00020 741.79700 0.00000 0.00000 -0.00000 0.00000 
0.16700 -0.00889 -729.21000 0.00020 729.21000 0.00000 0.00000 -0.00000 0.00000 
0.16800 -0.00859 -715.43900 0.00019 715.43900 0.00000 0.00000 -0.00000 0.00000 
0.16900 -0.00832 -701.88300 0.00019 701.88300 0.00000 0.00000 -0.00000 0.00000 
0.17000 -0.00809 -690.02900 0.00018 690.02900 0.00000 0.00000 -0.00000 0.00000 
0.17100 -0.00790 -677.39679 0.00018 677.39679 0.00000 0.00000 -0.00000 0.00000 
0.17200 -0.00775 -664.11969 0.00017 664.11969 0.00000 0.00000 -0.00000 0.00000 
0.17300 -0.00764 -650.86900 0.00017 650.86900 0.00000 0.00000 -0.00000 0.00000 
0.17400 -0.00756 -638.43800 0.00017 638.43800 0.00000 0.00000 -0.00000 0.00000 
0.17500 -0.00753 -625.76178 0.00017 625.76178 0.00000 0.00000 -0.00000 0.00000 
0.17600 -0.00753 -612.96900 0.00017 612.96900 0.00000 0.00000 0.00000 0.00000 
0.17700 -0.00757 -600.06250 0.00017 600.06250 0.00000 0.00000 -0.00000 0.00000 
0.17800 -0.00764 -586.99100 0.00017 586.99100 0.00000 0.00000 -0.00000 0.00000 
0.17900 -0.00776 -574.17400 0.00017 574.17400 0.00000 0.00000 -0.00000 0.00000 
0.18000 -0.00791 -561.73500 0.00017 561.73500 0.00000 0.00000 -0.00000 0.00000 
0.18100 -0.00809 -549.21600 0.00017 549.21600 0.00000 0.00000 -0.00000 0.00000 
0.18200 -0.00832 -535.82400 0.00018 535.82400 0.00000 0.00000 -0.00000 0.00000 
0.18300 -0.00859 -523.18000 0.00018 523.18000 0.00000 0.00000 0.00000 0.00000 
0.18400 -0.00888 -511.39400 0.00018 511.39400 0.00000 0.00000 -0.00000 0.00000 
0.18500 -0.00921 -499.23900 0.00019 499.23900 0.00000 0.00000 -0.00000 0.00000 
0.18600 -0.00956 -484.35500 0.00019 484.35500 0.00000 0.00000 0.00000 0.00000 
0.18700 -0.00995 -470.58551 0.00020 470.58551 0.00000 0.00000 -0.00000 0.00000 
0.18800 -0.01037 -458.03656 0.00020 458.03656 0.00000 0.00000 0.00000 0.00000 
0.18900 -0.01085 -446.44900 0.00021 446.44900 0.00000 0.00000 0.00000 0.00000 
0.19000 -0.01141 -435.27890 0.00022 435.27890 0.00000 0.00000 -0.00000 0.00000 
0.19100 -0.01198 -425.76500 0.00023 425.76500 0.00000 0.00000 0.00000 0.00000 
0.19200 -0.01257 -417.95800 0.00024 417.95800 0.00000 0.00000 -0.00000 0.00000 
0.19300 -0.01321 -412.61500 0.00025 412.61500 -0.00000 0.00000 0.00000 0.00000 
0.19400 -0.01396 -411.61800 0.00026 411.61800 -0.00000 0.00000 -0.00000 0.00000 
0.19500 -0.01468 -412.66400 0.00027 412.66400 0.00000 0.00000 -0.00000 0.00000 
0.19600 -0.01539 -415.70500 0.00028 415.70500 0.00000 0.00000 -0.00000 0.00000 
0.19700 -0.01608 -418.67400 0.00029 418.67400 0.00000 0.00000 0.00000 0.00000 
0.19800 -0.01676 -416.12200 0.00030 416.12200 0.00000 0.00000 0.00000 0.00000 
0.19900 -0.01743 -415.39800 0.00031 415.39800 0.00000 -0.00000 0.00000 0.00000 
0.20000 -0.01809 -416.46700 0.00032 416.46700 0.00000 0.00000 0.00000 0.00000 
0.20100 -0.01874 -418.01800 0.00033 418.01800 0.00000 0.00000 -0.00000 0.00000 
0.20200 -0.01940 -416.11145 0.00034 416.11145 0.00000 0.00000 0.00000 0.00000 
0.20300 -0.02004 -415.88858 0.00035 415.88858 0.00000 -0.00000 0.00000 0.00000 
0.20400 -0.02067 -417.31200 0.00036 417.31200 0.00000 0.00000 -0.00000 0.00000 
0.20500 -0.02129 -419.16600 0.00036 419.16600 -0.00000 -0.00000 -0.00000 0.00000 
0.20600 -0.02191 -417.29000 0.00037 417.29000 -0.00000 -0.00000 0.00000 0.00000 
0.20700 -0.02252 -416.94800 0.00037 416.94800 0.00001 0.00000 -0.00000 0.00001 
0.20800 -0.02312 -418.10600 0.00038 418.10600 0.00001 0.00000 -0.00000 0.00001 
0.20900 -0.02371 -419.77800 0.00039 419.77800 0.00000 -0.00000 0.00000 0.00000 
0.21000 -0.02430 -418.09800 0.00042 418.09800 0.00000 0.00000 -0.00000 0.00000 
0.21100 -0.02488 -417.81000 0.00045 417.81000 0.00000 -0.00000 -0.00000 0.00000 
0.21200 -0.02545 -418.87900 0.00047 418.87900 0.00000 0.00000 0.00000 0.00000 
0.21300 -0.02601 -420.49000 0.00048 420.49000 0.00000 0.00000 0.00000 0.00000 
0.21400 -0.02657 -418.95929 0.00049 418.95929 0.00000 -0.00000 0.00000 0.00000 
0.21500 -0.02713 -418.68222 0.00049 418.68222 -0.00000 0.00000 -0.00000 0.00000 
0.21600 -0.02767 -419.62500 0.00050 419.62500 -0.00000 0.00000 0.00000 0.00000 
0.21700 -0.02821 -421.13100 0.00050 421.13100 0.00000 0.00000 -0.00000 0.00000 
0.21800 -0.02874 -419.76000 0.00051 419.76000 -0.00000 -0.00000 -0.00000 0.00000 
0.21900 -0.02927 -419.50900 0.00051 419.50900 0.00000 -0.00000 -0.00000 0.00000 
0.22000 -0.02978 -420.34400 0.00052 420.34400 -0.00000 -0.00000 0.00000 0.00000 
0.22100 -0.03029 -421.74800 0.00053 421.74800 -0.00000 -0.00000 0.00000 0.00000 
0.22200 -0.03079 -420.53200 0.00054 420.53200 0.00000 -0.00000 0.00000 0.00000 
0.22300 -0.03129 -420.30600 0.00055 420.30600 -0.00000 -0.00000 0.00000 0.00000 
0.22400 -0.03178 -421.03700 0.00055 421.03700 0.00000 -0.00000 0.00000 0.00000 
0.22500 -0.03226 -422.32800 0.00056 422.32800 -0.00000 -0.00000 -0.00000 0.00000 
0.22600 -0.03274 -421.26600 0.00057 421.26600 -0.00000 -0.00000 0.00000 0.00000 
0.22700 -0.03321 -421.06800 0.00058 421.06800 -0.00000 -0.00000 -0.00000 0.00000 
0.22800 -0.03368 -421.70400 0.00058 421.70400 -0.00000 -0.00000 0.00000 0.00000 
0.22900 -0.03413 -422.87600 0.00059 422.87600 -0.00000 -0.00000 0.00000 0.00000 
0.23000 -0.03459 -421.96500 0.00060 421.96500 -0.00000 -0.00000 -0.00000 0.00000 
0.23100 -0.03503 -421.79700 0.00061 421.79700 -0.00000 -0.00000 0.00000 0.00000 
0.23200 -0.03547 -422.34300 0.00061 422.34300 0.00000 -0.00000 0.00000 0.00000 
0.23300 -0.03590 -423.38974 0.00062 423.38974 -0.00000 -0.00000 0.00000 0.00000 
0.23400 -0.03633 -422.62700 0.00063 422.62700 -0.00000 -0.00000 0.00000 0.00000 
0.23500 -0.03675 -422.49200 0.00063 422.49200 -0.00000 -0.00000 0.00000 0.00000 
0.23600 -0.03716 -422.95500 0.00064 422.95500 -0.00000 -0.00000 0.00000 0.00000 
0.23700 -0.03757 -423.87000 0.00065 423.87000 0.00000 -0.00000 0.00000 0.00000 
0.23800 -0.03797 -423.25400 0.00066 423.25400 -0.00000 -0.00000 0.00000 0.00000 
0.23900 -0.03837 -423.15300 0.00066 423.15300 -0.00000 -0.00000 -0.00000 0.00000 
0.24000 -0.03876 -423.53800 0.00067 423.53800 -0.00000 -0.00000 -0.00000 0.00000 
0.24100 -0.03914 -424.31800 0.00067 424.31800 -0.00000 -0.00000 0.00000 0.00000 
0.24200 -0.03952 -423.84500 0.00068 423.84500 -0.00000 -0.00000 0.00000 0.00000 
0.24300 -0.03989 -423.77800 0.00069 423.77800 -0.00000 -0.00000 0.00000 0.00000 
0.24400 -0.04025 -424.09300 0.00069 424.09300 -0.00000 -0.00000 0.00000 0.00000 
0.24500 -0.04061 -424.73300 0.00070 424.73300 -0.00000 -0.00000 0.00000 0.00000 
0.24600 -0.04097 -424.39900 0.00070 424.39900 -0.00000 -0.00000 -0.00000 0.00000 
0.24700 -0.04131 -424.36850 0.00071 424.36850 -0.00000 -0.00000 0.00000 0.00000 
0.24800 -0.04165 -424.61700 0.00072 424.61700 -0.00000 -0.00000 0.00000 0.00000 
0.24900 -0.04199 -425.11500 0.00072 425.11500 -0.00000 -0.00000 0.00000 0.00000 
0.25000 -0.04232 -424.91600 0.00073 424.91600 -0.00000 -0.00000 0.00000 0.00000 
0.25100 -0.04264 -424.92200 0.00073 424.92200 -0.00000 -0.00000 0.00000 0.00000 
0.25200 -0.04296 -425.11100 0.00074 425.11100 -0.00000 -0.00000 0.00000 0.00000 
0.25300 -0.04326 -425.45929 0.00074 425.45929 -0.00000 -0.00000 0.00000 0.00000 
0.25400 -0.04357 -425.39563 0.00075 425.39563 -0.00000 -0.00000 0.00000 0.00000 
0.25500 -0.04387 -425.44000 0.00075 425.44000 -0.00000 -0.00000 0.00000 0.00000 
0.25600 -0.04416 -425.57500 0.00076 425.57500 -0.00000 -0.00000 0.00000 0.00000 
0.25700 -0.04445 -425.77890 0.00076 425.77890 -0.00000 -0.00000 0.00000 0.00000 
0.25800 -0.04473 -425.83800 0.00077 425.83800 -0.00000 -0.00000 0.00000 0.00000 
0.25900 -0.04500 -425.91800 0.00077 425.91800 -0.00000 -0.00000 0.00000 0.00000 
0.26000 -0.04527 -426.00400 0.00078 426.00400 -0.00000 -0.00000 0.00000 0.00000 
0.26100 -0.04553 -426.07500 0.00078 426.07500 -0.00000 -0.00000 0.00000 0.00000 
0.26200 -0.04579 -426.24300 0.00079 426.24300 -0.00000 -0.00000 0.00000 0.00000 
0.26300 -0.04604 -426.36200 0.00079 426.36200 -0.00000 -0.00000 0.00000 0.00000 
0.26400 -0.04628 -426.40700 0.00079 426.40700 -0.00000 -0.00000 0.00000 0.00000 
0.26500 -0.04652 -426.35900 0.00080 426.35900 -0.00000 -0.00000 0.00000 0.00000 
0.26600 -0.04675 -426.60800 0.00080 426.60800 -0.00000 -0.00000 0.00000 0.00000 
0.26700 -0.04698 -426.75300 0.00081 426.75300 -0.00000 -0.00000 0.00000 0.00000 
0.26800 -0.04720 -426.75100 0.00081 426.75100 -0.00000 -0.00000 0.00000 0.00000 
0.26900 -0.04741 -426.58500 0.00081 426.58500 -0.00000 -0.00000 0.00000 0.00000 
0.27000 -0.04762 -426.93900 0.00082 426.93900 -0.00000 -0.00000 0.00000 0.00000 
0.27100 -0.04782 -427.15200 0.00082 427.15200 -0.00000 -0.00000 0.00000 0.00000 
0.27200 -0.04802 -427.14917 0.00082 427.14917 -0.00000 -0.00000 0.00000 0.00000 
0.27300 -0.04821 -426.91700 0.00083 426.91700 -0.00000 -0.00000 0.00000 0.00000 
0.27400 -0.04839 -427.21700 0.00083 427.21700 0.00000 -0.00000 0.00000 0.00000 
0.27500 -0.04857 -427.34000 0.00083 427.34000 -0.00000 -0.00000 0.00000 0.00000 
0.27600 -0.04875 -427.19300 0.00084 427.19300 -0.00000 -0.00000 0.00000 0.00000 
0.27700 -0.04892 -426.76200 0.00084 426.76200 -0.00000 -0.00000 0.00000 0.00000 
0.27800 -0.04906 -427.49900 0.00084 427.49900 -0.00000 -0.00000 0.00000 0.00000 
0.27900 -0.04920 -428.08900 0.00084 428.08900 -0.00000 -0.00000 0.00000 0.00000 
0.28000 -0.04934 -428.34100 0.00085 428.34100 -0.00000 -0.00000 0.00000 0.00000 
0.28100 -0.04947 -428.24500 0.00085 428.24500 -0.00000 -0.00000 0.00000 0.00000 
0.28200 -0.04964 -427.62700 0.00085 427.62700 -0.00000 -0.00000 0.00000 0.00000 
0.28300 -0.04982 -426.66000 0.00085 426.66000 -0.00000 -0.00000 0.00000 0.00000 
0.28400 -0.04999 -425.35600 0.00086 425.35600 -0.00000 -0.00000 0.00000 0.00000 
0.28500 -0.05016 -423.70000 0.00086 423.70000 -0.00000 -0.00000 0.00000 0.00000 
0.28600 -0.05007 -429.01300 0.00086 429.01300 -0.00000 -0.00000 0.00000 0.00000 
0.28700 -0.04994 -434.97900 0.00086 434.97900 -0.00000 -0.00000 0.00000 0.00000 
0.28800 -0.04979 -440.41200 0.00086 440.41200 -0.00000 -0.00000 0.00000 0.00000 
0.28900 -0.04964 -445.32400 0.00085 445.32400 -0.00000 -0.00000 0.00000 0.00000 
0.29000 -0.04916 -458.90000 0.00085 458.90000 -0.00000 -0.00000 0.00000 0.00000 
0.29100 -0.04862 -473.51700 0.00084 473.51700 -0.00000 -0.00000 0.00000 0.00000 
0.29200 -0.04806 -487.52200 0.00083 487.52200 -0.00000 -0.00000 0.00000 0.00000 
0.29300 -0.04750 -500.95300 0.00083 500.95300 -0.00000 -0.00000 0.00000 0.00000 
0.29400 -0.04699 -514.17500 0.00082 514.17500 -0.00000 -0.00000 0.00000 0.00000 
0.29500 -0.04649 -526.99100 0.00082 526.99100 -0.00000 -0.00000 0.00000 0.00000 
0.29600 -0.04598 -539.37100 0.00081 539.37100 -0.00000 -0.00000 0.00000 0.00000 
0.29700 -0.04546 -551.34552 0.00080 551.34552 -0.00000 -0.00000 0.00000 0.00000 
0.29800 -0.04492 -564.51600 0.00080 564.51600 -0.00000 -0.00000 0.00000 0.00000 
0.29900 -0.04438 -577.70200 0.00079 577.70200 -0.00000 -0.00000 0.00000 0.00000 
0.30000 -0.04382 -590.57100 0.00078 590.57100 -0.00000 -0.00000 0.00000 0.00000 
0.30100 -0.04327 -603.15400 0.00077 603.15400 -0.00000 -0.00000 0.00000 0.00000 
0.30200 -0.04271 -616.13900 0.00077 616.13900 -0.00000 -0.00000 0.00000 0.00000 
0.30300 -0.04216 -629.06200 0.00076 629.06200 -0.00000 -0.00000 0.00000 0.00000 
0.30400 -0.04160 -641.78009 0.00075 641.78009 -0.00000 -0.00000 0.00000 0.00000 
0.30500 -0.04104 -654.31700 0.00075 654.31700 -0.00000 -0.00000 0.00000 0.00000 
0.30600 -0.04047 -667.38300 0.00074 667.38300 -0.00000 -0.00000 0.00000 0.00000 
0.30700 -0.03990 -680.50400 0.00073 680.50400 -0.00000 -0.00000 0.00000 0.00000 
0.30800 -0.03932 -693.50700 0.00072 693.50700 -0.00000 -0.00000 0.00000 0.00000 
0.30900 -0.03874 -706.40900 0.00072 706.40900 -0.00000 -0.00000 0.00000 0.00000 
0.31000 -0.03820 -718.79300 0.00071 718.79300 -0.00000 -0.00000 0.00000 0.00000 
0.31100 -0.03766 -730.97700 0.00070 730.97700 -0.00000 -0.00000 0.00000 0.00000 
0.31200 -0.03712 -743.10800 0.00070 743.10800 -0.00000 -0.00000 0.00000 0.00000 
0.31300 -0.03658 -755.19696 0.00069 755.19696 -0.00000 -0.00000 0.00000 0.00000 
0.31400 -0.03593 -769.78900 0.00068 769.78900 -0.00000 -0.00000 0.00000 0.00000 
0.31500 -0.03525 -785.20800 0.00067 785.20800 -0.00000 -0.00000 0.00000 0.00000 
0.31600 -0.03456 -800.61200 0.00066 800.61200 -0.00000 -0.00000 0.00000 0.00000 
0.31700 -0.03388 -816.00800 0.00066 816.00800 -0.00000 -0.00000 0.00000 0.00000 
0.31800 -0.03370 -820.12500 0.00065 820.12500 -0.00000 -0.00000 0.00000 0.00000 
0.31900 -0.03370 -820.12600 0.00065 820.12600 -0.00000 -0.00000 0.00000 0.00000 
0.32000 -0.03370 -820.12500 0.00065 820.12500 -0.00000 -0.00000 0.00000 0.00000 
0.32100 -0.03370 -820.12439 0.00065 820.12439 -0.00000 -0.00000 0.00000 0.00000 
0.32200 -0.03419 -809.09400 0.00066 809.09400 -0.00000 -0.00000 0.00000 0.00000 
0.32300 -0.03487 -793.69458 0.00067 793.69500 -0.00000 -0.00000 0.00000 0.00000 
0.32400 -0.03556 -778.28500 0.00068 778.28500 -0.00000 -0.00000 0.00000 0.00000 
0.32500 -0.03624 -762.85600 0.00069 762.85600 -0.00000 -0.00000 0.00000 0.00000 
0.32600 -0.03682 -749.77200 0.00070 749.77200 -0.00000 -0.00000 0.00000 0.00000 
0.32700 -0.03736 -737.66500 0.00070 737.66500 -0.00000 -0.00000 0.00000 0.00000 
0.32800 -0.03790 -725.51200 0.00071 725.51200 -0.00000 -0.00000 0.00000 0.00000 
0.32900 -0.03844 -713.30000 0.00072 713.30000 -0.00000 -0.00000 0.00000 0.00000 
0.33000 -0.03900 -700.62500 0.00072 700.62500 -0.00000 -0.00000 0.00000 0.00000 
0.33100 -0.03958 -687.68000 0.00073 687.68000 -0.00000 -0.00000 0.00000 0.00000 
0.33200 -0.04015 -674.62700 0.00074 674.62700 -0.00000 -0.00000 0.00000 0.00000 
0.33300 -0.04073 -661.44574 0.00075 661.44574 -0.00000 -0.00000 0.00000 0.00000 
0.33400 -0.04129 -648.70700 0.00076 648.70700 -0.00000 -0.00000 0.00000 0.00000 
0.33500 -0.04185 -636.09200 0.00076 636.09200 -0.00000 -0.00000 0.00000 0.00000 
0.33600 -0.04241 -623.28500 0.00077 623.28500 -0.00000 -0.00000 0.00000 0.00000 
0.33700 -0.04296 -610.26100 0.00078 610.26100 -0.00000 -0.00000 0.00000 0.00000 
0.33800 -0.04352 -597.53600 0.00078 597.53600 -0.00000 -0.00000 0.00000 0.00000 
0.33900 -0.04407 -584.82800 0.00079 584.82800 -0.00000 -0.00000 0.00000 0.00000 
0.34000 -0.04462 -571.82074 0.00080 571.82074 -0.00000 -0.00000 0.00000 0.00000 
0.34100 -0.04517 -558.48300 0.00081 558.48300 -0.00000 -0.00000 0.00000 0.00000 
0.34200 -0.04570 -546.01500 0.00081 546.01500 -0.00000 -0.00000 0.00000 0.00000 
0.34300 -0.04621 -533.86200 0.00082 533.86200 -0.00000 -0.00000 0.00000 0.00000 
0.34400 -0.04672 -521.29100 0.00083 521.29100 -0.00000 -0.00000 0.00000 0.00000 
0.34500 -0.04722 -508.26800 0.00083 508.26800 -0.00000 -0.00000 0.00000 0.00000 
0.34600 -0.04776 -494.98900 0.00084 494.98900 -0.00000 -0.00000 0.00000 0.00000 
0.34700 -0.04831 -481.30500 0.00085 481.30500 -0.00000 -0.00000 0.00000 0.00000 
0.34800 -0.04886 -467.03000 0.00085 467.03000 -0.00000 -0.00000 0.00000 0.00000 
0.34900 -0.04940 -452.12300 0.00086 452.12300 -0.00000 -0.00000 0.00000 0.00000 
0.35000 -0.04971 -443.18161 0.00086 443.18161 -0.00000 -0.00000 0.00000 0.00000 
0.35100 -0.04986 -438.03700 0.00087 438.03700 -0.00000 -0.00000 0.00000 0.00000 
0.35200 -0.05000 -432.36600 0.00087 432.36600 -0.00000 -0.00000 0.00000 0.00000 
0.35300 -0.05013 -426.15700 0.00087 426.15700 -0.00000 -0.00000 0.00000 0.00000 
0.35400 -0.05009 -424.48800 0.00087 424.48800 -0.00000 -0.00000 0.00000 0.00000 
0.35500 -0.04992 -425.98400 0.00087 425.98400 -0.00000 -0.00000 0.00000 0.00000 
0.35600 -0.04974 -427.13500 0.00086 427.13500 -0.00000 -0.00000 0.00000 0.00000 
0.35700 -0.04956 -427.95600 0.00086 427.95600 -0.00000 -0.00000 0.00000 0.00000 
0.35800 -0.04941 -428.33200 0.00086 428.33200 -0.00000 -0.00000 0.00000 0.00000 
0.35900 -0.04928 -428.27000 0.00086 428.27000 -0.00000 -0.00000 0.00000 0.00000 
0.36000 -0.04914 -427.86500 0.00085 427.86500 -0.00000 -0.00000 0.00000 0.00000 
0.36100 -0.04900 -427.12800 0.00085 427.12800 -0.00000 -0.00000 0.00000 0.00000 
0.36200 -0.04884 -426.99100 0.00085 426.99100 -0.00000 -0.00000 0.00000 0.00000 
0.36300 -0.04867 -427.29400 0.00085 427.29400 -0.00000 -0.00000 0.00000 0.00000 
0.36400 -0.04849 -427.31800 0.00084 427.31800 -0.00000 -0.00000 0.00000 0.00000 
0.36500 -0.04831 -427.07800 0.00084 427.07800 -0.00000 -0.00000 0.00000 0.00000 
0.36600 -0.04812 -427.05000 0.00084 427.05000 -0.00000 -0.00000 0.00000 0.00000 
0.36700 -0.04793 -427.17800 0.00084 427.17800 -0.00000 -0.00000 0.00000 0.00000 
0.36800 -0.04773 -427.08200 0.00083 427.08200 -0.00000 -0.00000 0.00000 0.00000 
0.36900 -0.04753 -426.77800 0.00083 426.77800 -0.00000 -0.00000 0.00000 0.00000 
0.37000 -0.04732 -426.68100 0.00083 426.68100 -0.00000 -0.00000 0.00000 0.00000 
0.37100 -0.04710 -426.77100 0.00082 426.77100 -0.00000 -0.00000 0.00000 0.00000 
0.37200 -0.04688 -426.70500 0.00082 426.70500 -0.00000 -0.00000 0.00000 0.00000 
0.37300 -0.04665 -426.49900 0.00082 426.49900 -0.00000 -0.00000 0.00000 0.00000 
0.37400 -0.04641 -426.39300 0.00081 426.39300 -0.00000 -0.00000 0.00000 0.00000 
0.37500 -0.04617 -426.39700 0.00081 426.39700 -0.00000 -0.00000 0.00000 0.00000 
0.37600 -0.04593 -426.31600 0.00080 426.31600 -0.00000 -0.00000 0.00000 0.00000 
0.37700 -0.04567 -426.17000 0.00080 426.17000 -0.00000 -0.00000 0.00000 0.00000 
0.37800 -0.04541 -426.04600 0.00080 426.04600 -0.00000 -0.00000 -0.00000 0.00000 
0.37900 -0.04515 -425.96579 0.00079 425.96579 -0.00000 -0.00000 0.00000 0.00000 
0.38000 -0.04488 -425.88000 0.00079 425.88000 -0.00000 -0.00000 0.00000 0.00000 
0.38100 -0.04460 -425.80900 0.00078 425.80900 -0.00000 -0.00000 0.00000 0.00000 
0.38200 -0.04432 -425.68000 0.00078 425.68000 -0.00000 -0.00000 0.00000 0.00000 
0.38300 -0.04403 -425.50400 0.00077 425.50400 -0.00000 -0.00000 0.00000 0.00000 
0.38400 -0.04373 -425.40700 0.00077 425.40700 -0.00000 -0.00000 0.00000 0.00000 
0.38500 -0.04343 -425.41100 0.00076 425.41100 -0.00000 -0.00000 0.00000 0.00000 
0.38600 -0.04313 -425.28479 0.00076 425.28479 -0.00000 -0.00000 0.00000 0.00000 
0.38700 -0.04281 -425.00500 0.00075 425.00500 -0.00000 -0.00000 0.00000 0.00000 
0.38800 -0.04249 -424.89500 0.00075 424.89500 -0.00000 -0.00000 0.00000 0.00000 
0.38900 -0.04217 -424.97800 0.00074 424.97800 -0.00000 -0.00000 -0.00000 0.00000 
0.39000 -0.04184 -424.86441 0.00074 424.86441 -0.00000 -0.00000 0.00000 0.00000 
0.39100 -0.04150 -424.47300 0.00073 424.47300 -0.00000 -0.00000 -0.00000 0.00000 
0.39200 -0.04116 -424.34600 0.00073 424.34600 -0.00000 -0.00000 0.00000 0.00000 
0.39300 -0.04081 -424.51000 0.00072 424.51000 -0.00000 -0.00000 0.00000 0.00000 
0.39400 -0.04045 -424.41900 0.00072 424.41900 -0.00000 -0.00000 0.00000 0.00000 
0.39500 -0.04009 -423.90600 0.00071 423.90600 -0.00000 -0.00000 0.00000 0.00000 
0.39600 -0.03972 -423.76000 0.00071 423.76000 -0.00000 -0.00000 0.00000 0.00000 
0.39700 -0.03935 -424.00500 0.00070 424.00500 -0.00000 -0.00000 0.00000 0.00000 
0.39800 -0.03897 -423.94870 0.00069 423.94870 -0.00000 -0.00000 0.00000 0.00000 
0.39900 -0.03858 -423.30700 0.00069 423.30700 -0.00000 -0.00000 0.00000 0.00000 
0.40000 -0.03819 -423.13600 0.00068 423.13600 0.00000 -0.00000 0.00000 0.00000 
0.40100 -0.03779 -423.46600 0.00067 423.46600 -0.00000 -0.00000 0.00000 0.00000 
0.40200 -0.03739 -423.45500 0.00067 423.45500 -0.00000 -0.00000 0.00000 0.00000 
0.40300 -0.03698 -422.67500 0.00066 422.67500 -0.00000 -0.00000 0.00000 0.00000 
0.40400 -0.03656 -422.47700 0.00066 422.47700 -0.00000 -0.00000 0.00000 0.00000 
0.40500 -0.03614 -422.89100 0.00065 422.89100 -0.00000 -0.00000 0.00000 0.00000 
0.40600 -0.03571 -422.93800 0.00064 422.93800 -0.00000 -0.00000 0.00000 0.00000 
0.40700 -0.03528 -422.01200 0.00063 422.01200 0.00000 -0.00000 0.00000 0.00000 
0.40800 -0.03483 -421.78200 0.00063 421.78200 0.00000 -0.00000 0.00000 0.00000 
0.40900 -0.03438 -422.28000 0.00062 422.28000 -0.00000 -0.00000 0.00000 0.00000 
0.41000 -0.03393 -422.39900 0.00061 422.39900 -0.00000 -0.00000 0.00000 0.00000 
0.41100 -0.03347 -421.31700 0.00061 421.31700 -0.00000 -0.00000 -0.00000 0.00000 
0.41200 -0.03300 -421.05200 0.00060 421.05200 0.00000 0.00000 0.00000 0.00000 
0.41300 -0.03253 -421.63400 0.00059 421.63400 0.00000 -0.00000 0.00000 0.00000 
0.41400 -0.03205 -421.83800 0.00058 421.83800 -0.00000 -0.00000 -0.00000 0.00000 
0.41500 -0.03156 -420.59200 0.00058 420.59200 -0.00000 -0.00000 0.00000 0.00000 
0.41600 -0.03107 -420.28700 0.00057 420.28700 0.00000 -0.00000 0.00000 0.00000 
0.41700 -0.03057 -420.95400 0.00056 420.95400 0.00000 -0.00000 0.00000 0.00000 
0.41800 -0.03006 -421.25700 0.00055 421.25700 0.00000 0.00000 0.00000 0.00000 
0.41900 -0.02955 -419.83700 0.00055 419.83700 0.00000 -0.00000 -0.00000 0.00000 
0.42000 -0.02903 -419.48600 0.00054 419.48600 0.00000 0.00000 0.00000 0.00000 
0.42100 -0.02850 -420.23600 0.00053 420.23600 -0.00000 -0.00000 0.00000 0.00000 
0.42200 -0.02796 -420.65200 0.00053 420.65200 0.00000 -0.00000 -0.00000 0.00000 
0.42300 -0.02743 -419.05300 0.00052 419.05300 -0.00000 -0.00000 -0.00000 0.00000 
0.42400 -0.02688 -418.65400 0.00051 418.65400 0.00001 0.00000 0.00000 0.00001 
0.42500 -0.02632 -419.49000 0.00051 419.49000 -0.00001 -0.00000 0.00000 0.00001 
0.42600 -0.02576 -420.03400 0.00050 420.03400 -0.00000 -0.00000 0.00000 0.00000 
0.42700 -0.02519 -418.23300 0.00049 418.23300 0.00000 0.00000 -0.00000 0.00000 
0.42800 -0.02462 -417.77000 0.00046 417.77000 0.00000 -0.00000 -0.00000 0.00000 
0.42900 -0.02403 -418.67800 0.00044 418.67800 0.00000 -0.00000 0.00000 0.00000 
0.43000 -0.02344 -419.37100 0.00042 419.37100 -0.00000 0.00000 -0.00000 0.00000 
0.43100 -0.02285 -417.40300 0.00041 417.40300 -0.00000 -0.00000 -0.00000 0.00000 
0.43200 -0.02225 -416.91400 0.00040 416.91400 -0.00000 -0.00000 0.00000 0.00000 
0.43300 -0.02163 -417.94000 0.00040 417.94000 0.00000 0.00000 0.00000 0.00000 
0.43400 -0.02101 -418.78500 0.00039 418.78500 0.00001 0.00000 -0.00000 0.00001 
0.43500 -0.02039 -416.47100 0.00038 416.47100 0.00000 -0.00000 0.00000 0.00000 
0.43600 -0.01975 -415.78300 0.00038 415.78300 0.00000 0.00000 0.00000 0.00000 
0.43700 -0.01911 -416.75700 0.00037 416.75700 -0.00000 -0.00000 -0.00000 0.00000 
0.43800 -0.01845 -417.81000 0.00036 417.81000 -0.00000 0.00000 0.00000 0.00000 
0.43900 -0.01780 -415.76700 0.00035 415.76700 0.00000 0.00000 0.00000 0.00000 
0.44000 -0.01713 -415.49900 0.00034 415.49900 -0.00000 -0.00000 0.00000 0.00000 
0.44100 -0.01646 -417.04000 0.00033 417.04000 0.00000 0.00000 0.00000 0.00000 
0.44200 -0.01577 -418.21200 0.00032 418.21200 -0.00000 -0.00000 -0.00000 0.00000 
0.44300 -0.01507 -414.09600 0.00031 414.09600 -0.00000 0.00000 0.00000 0.00000 
0.44400 -0.01436 -411.94500 0.00030 411.94500 0.00000 0.00000 -0.00000 0.00000 
0.44500 -0.01362 -411.81000 0.00028 411.81000 0.00000 0.00000 -0.00000 0.00000 
0.44600 -0.01290 -414.40400 0.00027 414.40400 -0.00000 0.00000 0.00000 0.00000 
0.44700 -0.01230 -421.25000 0.00027 421.25000 -0.00000 0.00000 -0.00000 0.00000 
0.44800 -0.01172 -429.83000 0.00026 429.83000 0.00000 0.00000 -0.00000 0.00000 
0.44900 -0.01115 -440.09400 0.00025 440.09400 -0.00000 0.00000 -0.00000 0.00000 
0.45000 -0.01062 -451.68300 0.00024 451.68300 0.00000 0.00000 -0.00000 0.00000 
0.45100 -0.01018 -463.51500 0.00024 463.51500 0.00000 0.00000 0.00000 0.00000 
0.45200 -0.00977 -476.62500 0.00023 476.62500 0.00000 0.00000 0.00000 0.00000 
0.45300 -0.00940 -490.90900 0.00023 490.90900 0.00000 0.00000 0.00000 0.00000 
0.45400 -0.00906 -505.30700 0.00023 505.30700 0.00000 0.00000 -0.00000 0.00000 
0.45500 -0.00875 -516.57400 0.00022 516.57400 0.00000 0.00000 -0.00000 0.00000 
0.45600 -0.00846 -528.75900 0.00022 528.75900 0.00000 0.00000 -0.00000 0.00000 
0.45700 -0.00821 -541.75300 0.00022 541.75300 0.00000 0.00000 -0.00000 0.00000 
0.45800 -0.00800 -555.08800 0.00022 555.08800 0.00000 0.00000 -0.00000 0.00000 
0.45900 -0.00783 -567.26700 0.00022 567.26700 0.00000 0.00000 -0.00000 0.00000 
0.46000 -0.00770 -579.89100 0.00022 579.89100 0.00000 0.00000 -0.00000 0.00000 
0.46100 -0.00760 -592.83800 0.00022 592.83800 0.00000 0.00000 -0.00000 0.00000 
0.46200 -0.00755 -605.91800 0.00022 605.91800 0.00000 0.00000 -0.00000 0.00000 
0.46300 -0.00752 -618.72100 0.00022 618.72100 0.00000 0.00000 -0.00000 0.00000 
0.46400 -0.00754 -631.47700 0.00023 631.47700 0.00000 0.00000 -0.00000 0.00000 
0.46500 -0.00759 -644.05900 0.00023 644.05900 0.00000 0.00000 -0.00000 0.00000 
0.46600 -0.00768 -656.57800 0.00023 656.57800 0.00000 0.00000 -0.00000 0.00000 
0.46700 -0.00781 -670.15400 0.00024 670.15400 0.00000 0.00000 -0.00000 0.00000 
0.46800 -0.00798 -683.15800 0.00024 683.15800 0.00000 0.00000 -0.00000 0.00000 
0.46900 -0.00819 -695.45700 0.00025 695.45700 0.00000 0.00000 -0.00000 0.00000 
0.47000 -0.00843 -707.39500 0.00025 707.39500 0.00000 0.00000 -0.00000 0.00000 
0.47100 -0.00871 -721.76200 0.00026 721.76200 0.00000 0.00000 -0.00000 0.00000 
0.47200 -0.00904 -735.01825 0.00027 735.01825 0.00000 0.00000 -0.00000 0.00000 
0.47300 -0.00940 -747.03000 0.00028 747.03000 0.00000 0.00000 -0.00000 0.00000 
0.47400 -0.00980 -758.31400 0.00029 758.31400 0.00000 0.00000 -0.00000 0.00000 
0.47500 -0.01023 -773.50100 0.00030 773.50100 0.00000 0.00000 -0.00000 0.00000 
0.47600 -0.01071 -787.03600 0.00031 787.03600 0.00000 0.00000 -0.00000 0.00000 
0.47700 -0.01123 -798.78700 0.00032 798.78700 0.00000 0.00000 -0.00000 0.00000 
0.47800 -0.01179 -809.37200 0.00033 809.37200 0.00000 0.00000 -0.00000 0.00000 
0.47900 -0.01237 -825.38400 0.00034 825.38400 0.00000 0.00000 -0.00000 0.00000 
0.48000 -0.01300 -839.21100 0.00035 839.21100 0.00000 0.00000 -0.00000 0.00000 
0.48100 -0.01368 -850.72900 0.00037 850.72900 0.00000 0.00000 -0.00000 0.00000 
0.48200 -0.01439 -860.58600 0.00038 860.58600 0.00000 0.00000 -0.00000 0.00000 
0.48300 -0.01513 -877.41000 0.00040 877.41000 0.00000 0.00000 -0.00000 0.00000 
0.48400 -0.01591 -891.54200 0.00041 891.54200 0.00000 0.00000 -0.00000 0.00000 
0.48500 -0.01674 -902.86300 0.00043 902.86300 0.00000 0.00000 -0.00000 0.00000 
0.48600 -0.01761 -911.98300 0.00044 911.98300 0.00000 0.00000 -0.00000 0.00000 
0.48700 -0.01849 -929.57900 0.00046 929.57900 0.00000 0.00000 -0.00000 0.00000 
0.48800 -0.01943 -944.00900 0.00048 944.00900 0.00000 0.00000 -0.00000 0.00000 
0.48900 -0.02040 -955.16900 0.00050 955.16900 0.00000 0.00000 -0.00000 0.00000 
0.49000 -0.02142 -963.55900 0.00052 963.55900 0.00000 0.00000 -0.00000 0.00000 
0.49100 -0.02245 -981.90000 0.00054 981.90000 0.00000 0.00000 -0.00000 0.00000 
0.49200 -0.02353 -996.64700 0.00056 996.64700 0.00000 0.00000 -0.00000 0.00000 
0.49300 -0.02466 -1007.71000 0.00058 1007.71000 0.00000 0.00000 -0.00000 0.00000 
0.49400 -0.02582 -1015.43000 0.00060 1015.43000 0.00000 0.00000 -0.00000 0.00000 
0.49500 -0.02700 -1034.34000 0.00062 1034.34000 0.00000 0.00000 -0.00000 0.00000 
0.49600 -0.02822 -1049.31000 0.00065 1049.31000 0.00000 0.00000 -0.00000 0.00000 
0.49700 -0.02948 -1060.25000 0.00067 1060.25000 0.00000 0.00000 -0.00000 0.00000 
0.49800 -0.03078 -1067.29000 0.00069 1067.29000 0.00000 0.00000 -0.00000 0.00000 
0.49900 -0.03210 -1087.00000 0.00072 1087.00000 0.00000 0.00000 -0.00000 0.00000 
0.50000 -0.03347 -1102.45000 0.00074 1102.45000 0.00000 0.00000 -0.00000 0.00000 
0.50100 -0.03487 -1113.58000 0.00077 1113.58000 0.00000 0.00000 -0.00000 0.00000 
0.50200 -0.03632 -1120.34000 0.00080 1120.34000 0.00000 0.00000 -0.00000 0.00000 
0.50300 -0.03774 -1139.57000 0.00082 1139.57000 0.00000 0.00000 -0.00000 0.00000 
0.50400 -0.03921 -1154.51000 0.00085 1154.51000 0.00000 0.00000 -0.00000 0.00000 
0.50500 -0.04072 -1165.04000 0.00088 1165.04000 0.00000 0.00000 -0.00000 0.00000 
0.50600 -0.04227 -1171.15000 0.00090 1171.15000 0.00000 0.00000 0.00000 0.00000 
0.50700 -0.04391 -1193.05000 0.00093 1193.05000 0.00000 0.00000 0.00000 0.00000 
0.50800 -0.04559 -1210.54000 0.00097 1210.54000 0.00000 0.00000 0.00000 0.00000 
0.50900 -0.04732 -1223.18000 0.00100 1223.18000 0.00000 0.00000 0.00000 0.00000 
0.51000 -0.04909 -1230.96000 0.00103 1230.96000 0.00000 0.00000 0.00000 0.00000 
0.51100 -0.05006 -1236.87000 0.00105 1236.87000 0.00000 0.00000 0.00000 0.00000 
0.51200 -0.05101 -1241.05000 0.00106 1241.05000 0.00000 0.00000 0.00000 0.00000 
0.51300 -0.05196 -1243.49000 0.00108 1243.49000 0.00000 0.00000 0.00000 0.00000 
0.51400 -0.05290 -1244.23000 0.00110 1244.23000 0.00000 0.00000 0.00000 0.00000 
0.51500 -0.05366 -1245.21000 0.00111 1245.21000 0.00000 0.00000 0.00000 0.00000 
0.51600 -0.05439 -1245.34000 0.00112 1245.34000 0.00000 0.00000 0.00000 0.00000 
0.51700 -0.05511 -1244.58000 0.00114 1244.58000 0.00000 0.00000 0.00000 0.00000 
0.51800 -0.05583 -1242.96000 0.00115 1242.96000 0.00000 0.00000 0.00000 0.00000 
0.51900 -0.05658 -1244.52000 0.00116 1244.52000 0.00000 0.00000 0.00000 0.00000 
0.52000 -0.05732 -1245.43000 0.00118 1245.43000 0.00000 0.00000 0.00000 0.00000 
0.52100 -0.05806 -1245.42000 0.00119 1245.42000 0.00000 0.00000 0.00000 0.00000 
0.52200 -0.05879 -1244.52000 0.00120 1244.52000 0.00000 0.00000 0.00000 0.00000 
0.52300 -0.05949 -1245.66000 0.00122 1245.66000 0.00000 0.00000 -0.00000 0.00001 
0.52400 -0.06019 -1246.31000 0.00123 1246.31000 0.00000 0.00000 0.00000 0.00000 
0.52500 -0.06088 -1246.23000 0.00124 1246.23000 0.00000 0.00000 0.00000 0.00000 
0.52600 -0.06156 -1245.47000 0.00125 1245.47000 0.00000 0.00000 0.00000 0.00000 
0.52700 -0.06223 -1246.43000 0.00127 1246.43000 0.00000 0.00000 0.00000 0.00000 
0.52800 -0.06290 -1247.04000 0.00128 1247.04000 0.00000 0.00000 0.00000 0.00000 
0.52900 -0.06356 -1247.04000 0.00129 1247.04000 0.00000 0.00000 0.00000 0.00000 
0.53000 -0.06421 -1246.49000 0.00130 1246.49000 0.00000 0.00000 0.00000 0.00000 
0.53100 -0.06485 -1247.25000 0.00131 1247.25000 0.00000 0.00000 0.00000 0.00000 
0.53200 -0.06548 -1247.77000 0.00132 1247.77000 0.00000 0.00000 0.00000 0.00000 
0.53300 -0.06611 -1247.83000 0.00134 1247.83000 0.00000 0.00000 0.00000 0.00000 
0.53400 -0.06672 -1247.46000 0.00135 1247.46000 0.00000 0.00000 0.00000 0.00000 
0.53500 -0.06733 -1248.05000 0.00136 1248.05000 0.00000 0.00000 0.00000 0.00000 
0.53600 -0.06793 -1248.48000 0.00137 1248.48000 0.00000 0.00000 0.00000 0.00000 
0.53700 -0.06853 -1248.59000 0.00138 1248.59000 0.00000 0.00000 0.00000 0.00000 
0.53800 -0.06912 -1248.40000 0.00139 1248.40000 0.00000 0.00000 0.00000 0.00000 
0.53900 -0.06969 -1248.83000 0.00140 1248.83000 0.00000 0.00000 0.00000 0.00000 
0.54000 -0.07026 -1249.18000 0.00141 1249.18000 0.00000 0.00000 0.00000 0.00000 
0.54100 -0.07083 -1249.33000 0.00142 1249.33000 0.00000 0.00000 0.00000 0.00000 
0.54200 -0.07138 -1249.31000 0.00144 1249.31000 0.00000 0.00000 0.00000 0.00000 
0.54300 -0.07193 -1249.59000 0.00145 1249.59000 0.00000 0.00000 0.00000 0.00000 
0.54400 -0.07247 -1249.85000 0.00146 1249.85000 0.00000 0.00000 0.00000 0.00000 
0.54500 -0.07301 -1250.04000 0.00147 1250.04000 0.00000 0.00000 0.00000 0.00000 
0.54600 -0.07353 -1250.18000 0.00148 1250.18000 0.00000 0.00000 0.00000 0.00000 
0.54700 -0.07405 -1250.33000 0.00149 1250.33000 0.00000 0.00000 0.00000 0.00000 
0.54800 -0.07456 -1250.51000 0.00150 1250.51000 0.00000 0.00000 0.00000 0.00000 
0.54900 -0.07507 -1250.73000 0.00151 1250.73000 0.00000 0.00000 0.00000 0.00000 
0.55000 -0.07557 -1251.01000 0.00152 1251.01000 -0.00000 0.00000 0.00000 0.00000 
0.55100 -0.07606 -1251.06000 0.00153 1251.06000 0.00000 0.00000 0.00000 0.00000 
0.55200 -0.07654 -1251.14000 0.00154 1251.14000 0.00000 0.00000 0.00000 0.00000 
0.55300 -0.07701 -1251.39000 0.00154 1251.39000 0.00000 0.00000 0.00000 0.00000 
0.55400 -0.07748 -1251.81000 0.00155 1251.81000 0.00000 0.00000 0.00000 0.00000 
0.55500 -0.07795 -1251.76000 0.00156 1251.76000 0.00000 0.00000 0.00000 0.00000 
0.55600 -0.07840 -1251.76000 0.00157 1251.76000 -0.00000 0.00000 0.00000 0.00000 
0.55700 -0.07885 -1252.02000 0.00158 1252.02000 -0.00000 0.00000 0.00000 0.00000 
0.55800 -0.07929 -1252.56000 0.00159 1252.56000 -0.00000 -0.00000 0.00000 0.00000 
0.55900 -0.07972 -1252.43000 0.00160 1252.43000 -0.00000 -0.00000 0.00000 0.00000 
0.56000 -0.08015 -1252.34000 0.00161 1252.34000 -0.00000 -0.00000 0.00000 0.00000 
0.56100 -0.08057 -1252.62000 0.00162 1252.62000 -0.00000 -0.00000 0.00000 0.00000 
0.56200 -0.08098 -1253.28000 0.00162 1253.28000 -0.00000 -0.00000 0.00000 0.00000 
0.56300 -0.08139 -1253.08000 0.00163 1253.08000 -0.00000 -0.00000 0.00000 0.00000 
0.56400 -0.08179 -1252.90000 0.00164 1252.90000 -0.00000 -0.00000 0.00000 0.00000 
0.56500 -0.08218 -1253.18000 0.00165 1253.18000 -0.00000 -0.00000 0.00000 0.00000 
0.56600 -0.08257 -1253.96000 0.00166 1253.96000 -0.00000 -0.00000 0.00000 0.00000 
0.56700 -0.08295 -1253.70000 0.00167 1253.70000 -0.00000 -0.00000 0.00000 0.00000 
0.56800 -0.08332 -1253.43000 0.00167 1253.43000 -0.00000 -0.00000 0.00000 0.00000 
0.56900 -0.08368 -1253.72000 0.00168 1253.72000 -0.00000 -0.00000 0.00000 0.00000 
0.57000 -0.08404 -1254.59000 0.00169 1254.59000 -0.00000 -0.00000 0.00000 0.00000 
0.57100 -0.08439 -1254.29000 0.00170 1254.29000 -0.00000 -0.00000 0.00000 0.00000 
0.57200 -0.08474 -1253.93000 0.00170 1253.93000 -0.00000 -0.00000 0.00000 0.00000 
0.57300 -0.08508 -1254.22000 0.00171 1254.22000 -0.00000 -0.00000 0.00000 0.00000 
0.57400 -0.08541 -1255.17000 0.00172 1255.17000 -0.00000 -0.00000 0.00000 0.00000 
0.57500 -0.08573 -1254.85000 0.00173 1254.85000 -0.00000 -0.00000 0.00000 0.00000 
0.57600 -0.08605 -1254.40000 0.00173 1254.40000 -0.00000 -0.00000 0.00000 0.00000 
0.57700 -0.08636 -1254.69000 0.00174 1254.69000 -0.00000 -0.00000 0.00000 0.00000 
0.57800 -0.08666 -1255.72000 0.00175 1255.72000 -0.00000 -0.00000 0.00000 0.00000 
0.57900 -0.08696 -1255.37000 0.00175 1255.37000 -0.00000 -0.00000 -0.00000 0.00000 
0.58000 -0.08725 -1254.84000 0.00176 1254.84000 -0.00000 -0.00000 0.00000 0.00000 
0.58100 -0.08754 -1255.12000 0.00177 1255.12000 -0.00000 -0.00000 0.00000 0.00000 
0.58200 -0.08781 -1256.21000 0.00177 1256.21000 -0.00000 -0.00000 0.00000 0.00000 
0.58300 -0.08808 -1255.86000 0.00178 1255.86000 -0.00000 -0.00000 0.00000 0.00000 
0.58400 -0.08835 -1255.25000 0.00179 1255.25000 -0.00000 -0.00000 0.00000 0.00000 
0.58500 -0.08861 -1255.51000 0.00179 1255.51000 -0.00000 -0.00000 0.00000 0.00000 
0.58600 -0.08886 -1256.66000 0.00180 1256.66000 -0.00000 -0.00000 0.00000 0.00000 
0.58700 -0.08910 -1256.31000 0.00181 1256.31000 -0.00000 -0.00000 0.00000 0.00000 
0.58800 -0.08934 -1255.62000 0.00181 1255.62000 -0.00000 -0.00000 0.00000 0.00000 
0.58900 -0.08957 -1255.87000 0.00182 1255.87000 -0.00000 -0.00000 0.00000 0.00000 
0.59000 -0.08979 -1257.07000 0.00182 1257.07000 -0.00000 -0.00000 0.00000 0.00000 
0.59100 -0.09001 -1256.72000 0.00183 1256.72000 -0.00000 -0.00000 0.00000 0.00000 
0.59200 -0.09022 -1255.94000 0.00183 1255.94000 -0.00000 -0.00000 0.00000 0.00000 
0.59300 -0.09042 -1256.16000 0.00184 1256.16000 -0.00000 -0.00000 0.00000 0.00000 
0.59400 -0.09061 -1257.38000 0.00185 1257.38000 -0.00000 -0.00000 0.00000 0.00000 
0.59500 -0.09081 -1257.08000 0.00185 1257.08000 -0.00000 -0.00000 0.00000 0.00000 
0.59600 -0.09099 -1256.28000 0.00186 1256.28000 -0.00000 -0.00000 0.00000 0.00000 
0.59700 -0.09117 -1256.53000 0.00186 1256.53000 -0.00000 -0.00000 0.00000 0.00000 
0.59800 -0.09134 -1257.83000 0.00187 1257.83000 -0.00000 -0.00000 0.00000 0.00000 
0.59900 -0.09150 -1257.45000 0.00187 1257.45000 -0.00000 -0.00000 0.00000 0.00000 
0.60000 -0.09165 -1256.38000 0.00188 1256.38000 -0.00000 -0.00000 0.00000 0.00000 
0.60100 -0.09179 -1256.42000 0.00188 1256.42000 -0.00000 -0.00000 0.00000 0.00000 
0.60200 -0.09192 -1257.56000 0.00189 1257.56000 -0.00000 -0.00000 0.00000 0.00000 
0.60300 -0.09207 -1257.58000 0.00189 1257.58000 -0.00000 -0.00000 0.00000 0.00000 
0.60400 -0.09224 -1257.15000 0.00190 1257.15000 -0.00000 -0.00000 0.00000 0.00000 
0.60500 -0.09240 -1257.82000 0.00190 1257.82000 -0.00000 -0.00000 0.00000 0.00000 
0.60600 -0.09256 -1259.61000 0.00191 1259.61000 -0.00000 -0.00000 0.00000 0.00000 
0.60700 -0.09193 -1251.63000 0.00190 1251.63000 -0.00000 -0.00000 0.00000 0.00000 
0.60800 -0.09071 -1237.37000 0.00187 1237.37000 -0.00000 -0.00000 0.00000 0.00000 
0.60900 -0.08949 -1224.87000 0.00185 1224.87000 -0.00000 -0.00000 0.00000 0.00000 
0.61000 -0.08825 -1214.03000 0.00183 1214.03000 -0.00000 -0.00000 0.00000 0.00000 
0.61100 -0.08697 -1200.85000 0.00181 1200.85000 -0.00000 -0.00000 0.00000 0.00000 
0.61200 -0.08566 -1186.09000 0.00178 1186.09000 -0.00000 -0.00000 0.00000 0.00000 
0.61300 -0.08433 -1172.71000 0.00176 1172.71000 -0.00000 -0.00000 0.00000 0.00000 
0.61400 -0.08300 -1160.61000 0.00174 1160.61000 -0.00000 -0.00000 0.00000 0.00000 
0.61500 -0.08167 -1147.31000 0.00171 1147.31000 -0.00000 -0.00000 0.00000 0.00000 
0.61600 -0.08035 -1133.11000 0.00169 1133.11000 -0.00000 -0.00000 0.00000 0.00000 
0.61700 -0.07902 -1119.91000 0.00166 1119.91000 -0.00000 -0.00000 0.00000 0.00000 
0.61800 -0.07768 -1107.61000 0.00164 1107.61000 -0.00000 -0.00000 0.00000 0.00000 
0.61900 -0.07633 -1094.43000 0.00162 1094.43000 -0.00000 -0.00000 0.00000 0.00000 
0.62000 -0.07498 -1080.47000 0.00159 1080.47000 -0.00000 -0.00000 0.00000 0.00000 
0.62100 -0.07363 -1067.20000 0.00157 1067.20000 -0.00000 -0.00000 0.00000 0.00000 
0.62200 -0.07227 -1054.52000 0.00154 1054.52000 -0.00000 -0.00000 0.00000 0.00000 
0.62300 -0.07091 -1041.35000 0.00152 1041.35000 -0.00000 -0.00000 0.00000 0.00000 
0.62400 -0.06955 -1027.66000 0.00149 1027.66000 -0.00000 -0.00000 0.00000 0.00000 
0.62500 -0.06818 -1014.39000 0.00147 1014.39000 -0.00000 -0.00000 0.00000 0.00000 
0.62600 -0.06681 -1001.49000 0.00144 1001.49000 -0.00000 -0.00000 0.00000 0.00000 
0.62700 -0.06545 -988.31500 0.00142 988.31500 -0.00000 -0.00000 0.00000 0.00000 
0.62800 -0.06408 -974.82550 0.00139 974.82550 -0.00000 -0.00000 0.00000 0.00000 
0.62900 -0.06271 -961.55600 0.00137 961.55600 -0.00000 -0.00000 0.00000 0.00000 
0.63000 -0.06134 -948.46759 0.00134 948.46759 -0.00000 -0.00000 0.00000 0.00000 
0.63100 -0.05997 -935.27710 0.00132 935.27700 -0.00000 -0.00000 0.00000 0.00000 
0.63200 -0.05859 -921.93400 0.00129 921.93400 -0.00000 -0.00000 0.00000 0.00000 
0.63300 -0.05722 -908.67600 0.00127 908.67600 -0.00000 -0.00000 0.00000 0.00000 
0.63400 -0.05585 -895.47900 0.00124 895.47900 -0.00000 -0.00000 0.00000 0.00000 
0.63500 -0.05448 -882.26300 0.00122 882.26300 -0.00000 -0.00000 0.00000 0.00000 
0.63600 -0.05311 -869.00400 0.00119 869.00400 -0.00000 -0.00000 0.00000 0.00000 
0.63700 -0.05174 -855.75800 0.00116 855.75800 -0.00000 -0.00000 0.00000 0.00000 
0.63800 -0.05036 -842.51700 0.00114 842.51700 -0.00000 -0.00000 0.00000 0.00000 
0.63900 -0.04961 -835.22700 0.00113 835.22700 -0.00000 -0.00000 -0.00000 0.00000 
0.64000 -0.04961 -835.22700 0.00113 835.22700 -0.00000 -0.00000 -0.00000 0.00000 
0.64100 -0.04961 -835.22700 0.00113 835.22700 -0.00000 -0.00000 -0.00000 0.00000 
0.64200 -0.04961 -835.22700 0.00113 835.22700 -0.00000 -0.00000 -0.00000 0.00000 
0.64300 -0.04961 -835.22700 0.00113 835.22700 -0.00000 -0.00000 0.00000 0.00000 
0.64400 -0.04961 -835.22700 0.00114 835.22700 -0.00000 -0.00000 0.00000 0.00000 
0.64500 -0.04961 -835.22700 0.00114 835.22700 -0.00000 -0.00000 -0.00000 0.00000 
0.64600 -0.04961 -835.22700 0.00114 835.22700 -0.00000 -0.00000 -0.00000 0.00000 
0.64700 -0.04961 -835.22700 0.00114 835.22700 -0.00000 -0.00000 0.00000 0.00000 
0.64800 -0.04961 -835.22700 0.00114 835.22700 -0.00000 -0.00000 0.00000 0.00000 
0.64900 -0.04961 -835.22700 0.00115 835.22700 -0.00000 -0.00000 0.00000 0.00000 
0.65000 -0.04961 -835.22700 0.00115 835.22700 -0.00000 -0.00000 0.00000 0.00000 
