Time(s) Force[Z](Cylindrical:11)-ArfadaCaso1.iaa(N) Force[Y](Cylindrical:11)-ArfadaCaso1.iaa(N) Force[X](Cylindrical:11)-ArfadaCaso1.iaa(N) Force(Cylindrical:11)-ArfadaCaso1.iaa(N) Moment[Z](Cylindrical:11)-ArfadaCaso1.iaa(N.mm) Moment[Y](Cylindrical:11)-ArfadaCaso1.iaa(N.mm) Moment[X](Cylindrical:11)-ArfadaCaso1.iaa(N.mm) Moment(Cylindrical:11)-ArfadaCaso1.iaa(N.mm) 
0.00000 3202.70000 370.60600 0.18035 3224.07000 6320.86000 -28.29880 -14453.70000 15775.40000 
0.00635 3282.74000 379.98587 0.18443 3304.66000 6479.84000 -29.02800 -14820.10000 16174.80000 
0.01270 3362.73000 389.37800 0.18851 3385.19000 6638.92000 -29.75620 -15190.90000 16578.30000 
0.01905 3442.66000 398.79200 0.19263 3465.68000 6798.27000 -30.48010 -15570.70000 16990.20000 
0.02540 3522.52000 408.23111 0.19687 3546.10000 6957.96000 -31.19560 -15964.30000 17414.80000 
0.03175 3602.41000 417.71500 0.20130 3626.54000 7118.33000 -31.89970 -16377.50000 17857.60000 
0.03810 3682.06000 427.20800 0.20600 3706.76000 7278.91000 -32.58290 -16814.20000 18322.10000 
0.04445 3762.46000 436.88100 0.21094 3787.74000 7442.19000 -33.25890 -17286.90000 18820.80000 
0.05080 3840.17000 446.12400 0.21682 3866.00000 7599.66000 -33.84820 -17777.70000 19334.00000 
0.05715 3838.56000 446.05800 0.21925 3864.39000 7599.89000 -33.67770 -17934.70000 19478.50000 
0.06350 3839.39000 446.44519 0.22176 3865.26000 7606.90000 -33.52270 -18145.40000 19675.40000 
0.06985 3839.67000 446.77000 0.22481 3865.58000 7613.28000 -33.32280 -18389.20000 19902.90000 
0.07620 3840.16000 447.17000 0.22823 3866.11000 7620.97000 -33.09450 -18671.90000 20167.30000 
0.08255 3840.66000 447.60257 0.23202 3866.66000 7629.35000 -32.83220 -18991.80000 20467.00000 
0.08890 3841.23000 448.07500 0.23615 3867.28000 7638.51000 -32.53650 -19349.50000 20802.70000 
0.09525 3841.84000 448.58000 0.24058 3867.94000 7648.32000 -32.20630 -19744.80000 21174.40000 
0.10160 3842.50000 449.11322 0.24527 3868.66000 7658.71000 -31.84116 -20177.80000 21582.40000 
0.10795 3843.20000 449.66900 0.25019 3869.42000 7669.58000 -31.44040 -20648.30000 22026.70000 
0.11430 3843.94000 450.24200 0.25529 3870.22000 7680.83000 -31.00360 -21156.40000 22507.50000 
0.12065 3844.72000 450.82600 0.26052 3871.06000 7692.34000 -30.53070 -21701.80000 23024.80000 
0.12700 3845.53000 451.41400 0.26584 3871.94000 7704.01000 -30.02170 -22284.60000 23578.70000 
0.13335 3846.37000 452.00000 0.27118 3872.84000 7715.70000 -29.47680 -22904.40000 24169.10000 
0.13970 3847.23000 452.57663 0.27649 3873.76000 7727.29000 -28.89680 -23561.10000 24795.90000 
0.14605 3848.12000 453.13600 0.28173 3874.71000 7738.63000 -28.28280 -24254.30000 25459.00000 
0.15240 3849.02000 453.67000 0.28681 3875.66000 7749.60000 -27.63630 -24983.70000 26158.00000 
0.15875 3849.94000 454.17160 0.29170 3876.63000 7760.03000 -26.95940 -25748.70000 26892.70000 
0.16510 3850.85000 454.63100 0.29630 3877.60000 7769.76000 -26.25470 -26548.90000 27662.50000 
0.17145 3851.81000 455.04100 0.30058 3878.59000 7778.68000 -25.52530 -27383.80000 28467.20000 
0.17780 3852.65000 455.38500 0.30443 3879.47000 7786.42000 -24.77620 -28252.00000 29305.30000 
0.18415 3853.87000 455.68900 0.30787 3880.71000 7793.61000 -24.00990 -29154.90000 30178.70000 
0.19050 3853.82000 455.78900 0.31059 3880.68000 7797.08000 -23.23200 -30081.70000 31075.80000 
0.19685 3857.90000 456.32800 0.31289 3884.79000 7807.71000 -22.48600 -31074.90000 32040.70000 
0.20320 3848.02000 454.49118 0.31547 3874.76000 7783.08000 -21.48650 -31939.40000 32874.10000 
0.20955 3762.59000 443.84200 0.31034 3788.68000 7605.59000 -20.15200 -32191.40000 33077.70000 
0.21590 3683.44000 434.40600 0.30296 3708.97000 7443.77000 -19.07520 -32515.30000 33356.50000 
0.22225 3602.57000 424.50300 0.29515 3627.50000 7275.22000 -18.00950 -32783.60000 33581.10000 
0.22860 3521.76000 414.62500 0.28613 3546.08000 7105.92000 -17.05840 -33026.30000 33782.10000 
0.23495 3440.64000 404.63324 0.27624 3464.35000 6934.38000 -16.19830 -33227.00000 33942.90000 
0.24130 3359.31000 394.57400 0.26543 3382.40000 6761.14000 -15.44640 -33383.40000 34061.20000 
0.24765 3277.76000 384.44200 0.25382 3300.22000 6586.25000 -14.80413 -33490.20000 34131.70000 
0.25400 3196.01000 374.24900 0.24147 3217.85000 6409.92000 -14.27520 -33543.50000 34150.50000 
0.26035 3114.08000 364.00400 0.22848 3135.28000 6232.36000 -13.85980 -33539.90000 34114.00000 
0.26670 3032.01000 353.72000 0.21497 3052.57000 6053.83000 -13.55610 -33476.50000 34019.50000 
0.27305 2949.76000 343.40200 0.20103 2969.68000 5874.49000 -13.36050 -33350.90000 33864.40000 
0.27940 2867.55000 333.08200 0.18683 2886.83000 5694.94000 -13.26540 -33163.10000 33648.50000 
0.28575 2784.73000 322.70500 0.17240 2803.37000 5514.25000 -13.26390 -32905.50000 33364.30000 
0.29210 2703.71000 312.53700 0.15810 2721.72000 5337.17000 -13.34600 -32603.30000 33037.30000 
0.29845 2615.90000 301.63700 0.14342 2633.24000 5147.38000 -13.47450 -32156.60000 32565.90000 
0.30480 2555.01000 293.87100 0.13039 2571.86000 5011.11000 -13.80050 -31980.10000 32370.30000 
0.31115 2562.29000 293.74100 0.12159 2579.07000 5006.80000 -14.46000 -32593.90000 32976.20000 
0.31750 2559.16000 292.35500 0.11232 2575.80000 4981.46000 -15.10180 -33042.00000 33415.40000 
0.32385 2558.79000 291.29000 0.10305 2575.32000 4961.50000 -15.82080 -33498.30000 33863.80000 
0.33020 2557.72000 290.12900 0.09375 2574.12000 4940.02000 -16.57820 -33916.20000 34274.10000 
0.33655 2556.86000 288.99100 0.08446 2573.14000 4919.01000 -17.37930 -34309.70000 34660.50000 
0.34290 2555.97000 287.85400 0.07527 2572.13000 4898.06000 -18.20850 -34676.20000 35020.40000 
0.34925 2555.12000 286.72934 0.06620 2571.16000 4877.40000 -19.06300 -35017.70000 35355.70000 
0.35560 2554.29000 285.62200 0.05728 2570.21000 4857.11000 -19.93520 -35334.90000 35667.10000 
0.36195 2553.49000 284.53600 0.04856 2569.30000 4837.28000 -20.81770 -35628.80000 35955.70000 
0.36829 2552.73000 283.47800 0.04008 2568.42000 4817.98000 -21.70340 -35900.60000 36222.40000 
0.37465 2551.99000 282.45200 0.03186 2567.58000 4799.31000 -22.58510 -36151.00000 36468.20000 
0.38099 2551.29000 281.46200 0.02395 2566.77000 4781.34000 -23.45600 -36381.20000 36694.10000 
0.38734 2550.63000 280.51300 0.01637 2566.01000 4764.13000 -24.30920 -36592.00000 36900.80000 
0.39370 2550.00000 279.60900 0.00916 2565.29000 4747.77000 -25.13840 -36784.30000 37089.40000 
0.40004 2549.42000 278.75400 0.00235 2564.61000 4732.30000 -25.93710 -36958.90000 37260.70000 
0.40640 2548.87000 277.95000 -0.00405 2563.98000 4717.80000 -26.69940 -37116.80000 37415.40000 
0.41274 2548.36000 277.20100 -0.01000 2563.39000 4704.30000 -27.41950 -37258.60000 37554.40000 
0.41909 2547.91000 276.51200 -0.01549 2562.87000 4691.90000 -28.09250 -37385.30000 37678.50000 
0.42545 2547.45000 275.87800 -0.02048 2562.35000 4680.51000 -28.71210 -37496.60000 37787.60000 
0.43179 2547.21000 275.32900 -0.02498 2562.05000 4670.60000 -29.27810 -37596.60000 37885.70000 
0.43815 2546.36000 274.76900 -0.02893 2561.14000 4660.64000 -29.77250 -37672.90000 37960.20000 
0.44449 2548.07000 274.55500 -0.03240 2562.82000 4656.55000 -30.23640 -37774.40000 38060.30000 
0.45084 2540.28000 273.38700 -0.03522 2554.95000 4636.33000 -30.52290 -37722.50000 38006.30000 
0.45719 2576.05000 276.83500 -0.03738 2590.88000 4695.53000 -31.15760 -38286.40000 38573.30000 
0.46354 2665.52000 286.01800 -0.03941 2680.82000 4852.76000 -32.31540 -39626.20000 39922.20000 
0.46989 2744.08000 294.11800 -0.04111 2759.80000 4991.34000 -33.32330 -40801.20000 41105.40000 
0.47624 2825.77000 302.57200 -0.04237 2841.92000 5136.16000 -34.30310 -42011.70000 42324.50000 
0.48259 2906.31000 310.94200 -0.04330 2922.90000 5279.58000 -35.22860 -43198.80000 43520.30000 
0.48894 2988.60000 319.52100 -0.04395 3005.63000 5426.63000 -36.13280 -44405.10000 44735.40000 
0.49529 3065.33000 327.53700 -0.04435 3082.78000 5564.10000 -36.95020 -45525.80000 45864.50000 
0.50164 3162.80000 337.73200 -0.04465 3180.78000 5739.00000 -37.96000 -46944.70000 47294.20000 
0.50799 3162.80000 337.73200 -0.04465 3180.78000 5739.00000 -37.95940 -46944.70000 47294.20000 
0.51434 3065.33000 327.53700 -0.04434 3082.78000 5564.09000 -36.94860 -45525.80000 45864.50000 
0.52069 2988.60000 319.52100 -0.04393 3005.63000 5426.63000 -36.13050 -44405.10000 44735.40000 
0.52704 2906.31000 310.94200 -0.04328 2922.90000 5279.57000 -35.22580 -43198.80000 43520.30000 
0.53339 2825.77000 302.57200 -0.04235 2841.92000 5136.15000 -34.30000 -42011.70000 42324.50000 
0.53974 2744.08000 294.11800 -0.04109 2759.80000 4991.34000 -33.32020 -40801.20000 41105.40000 
0.54609 2665.52000 286.01800 -0.03939 2680.82000 4852.76000 -32.31240 -39626.20000 39922.20000 
0.55244 2576.05000 276.83500 -0.03737 2590.88000 4695.52000 -31.15510 -38286.40000 38573.30000 
0.55879 2540.28000 273.38700 -0.03520 2554.95000 4636.32000 -30.52050 -37722.50000 38006.30000 
0.56514 2548.07000 274.55500 -0.03238 2562.82000 4656.54000 -30.23350 -37774.40000 38060.30000 
0.57149 2546.36000 274.76900 -0.02890 2561.14000 4660.63000 -29.76930 -37672.90000 37960.20000 
0.57784 2547.21000 275.32900 -0.02495 2562.05000 4670.60000 -29.27453 -37596.60000 37885.60000 
0.58419 2547.45000 275.87800 -0.02045 2562.35000 4680.50000 -28.70810 -37496.60000 37787.60000 
0.59054 2547.91000 276.51200 -0.01545 2562.87000 4691.88000 -28.08810 -37385.30000 37678.50000 
0.59689 2548.36000 277.20100 -0.00997 2563.39000 4704.29000 -27.41470 -37258.60000 37554.40000 
0.60324 2548.87000 277.95000 -0.00401 2563.98000 4717.79000 -26.69410 -37116.80000 37415.40000 
0.60959 2549.42000 278.75354 0.00239 2564.61000 4732.29000 -25.93130 -36958.90000 37260.70000 
0.61594 2550.00000 279.60900 0.00921 2565.29000 4747.75000 -25.13200 -36784.30000 37089.40000 
0.62229 2550.63000 280.51300 0.01643 2566.01000 4764.12000 -24.30230 -36592.00000 36900.80000 
0.62864 2551.29000 281.46228 0.02401 2566.77000 4781.32000 -23.44838 -36381.20000 36694.00000 
0.63499 2551.99000 282.45200 0.03192 2567.58000 4799.29000 -22.57678 -36151.00000 36468.20000 
0.64134 2552.73000 283.47800 0.04015 2568.42000 4817.96000 -21.69433 -35900.60000 36222.40000 
0.64769 2553.49000 284.53600 0.04864 2569.30000 4837.25000 -20.80790 -35628.80000 35955.70000 
0.65404 2554.29000 285.62149 0.05737 2570.21000 4857.09000 -19.92450 -35334.80000 35667.10000 
0.66039 2555.12000 286.72900 0.06629 2571.16000 4877.38000 -19.05130 -35017.70000 35355.70000 
0.66674 2555.97000 287.85400 0.07538 2572.13000 4898.03000 -18.19530 -34676.20000 35020.40000 
0.67309 2556.86000 288.99100 0.08459 2573.14000 4918.97000 -17.36380 -34309.70000 34660.50000 
0.67944 2557.72000 290.12851 0.09385 2574.12000 4939.98000 -16.56570 -33916.20000 34274.10000 
0.68579 2558.79000 291.28952 0.10317 2575.32000 4961.45000 -15.80610 -33498.30000 33863.70000 
0.69214 2559.16000 292.35500 0.11246 2575.80000 4981.41000 -15.08530 -33042.00000 33415.40000 
0.69849 2562.29000 293.74100 0.12175 2579.07000 5006.74000 -14.44180 -32593.90000 32976.20000 
0.70484 2555.01000 293.87085 0.13056 2571.86000 5011.04000 -13.78090 -31980.10000 32370.30000 
0.71119 2615.90000 301.63700 0.14363 2633.24000 5147.31000 -13.45210 -32156.60000 32565.90000 
0.71754 2703.71000 312.53700 0.15834 2721.72000 5337.10000 -13.32040 -32603.30000 33037.30000 
0.72389 2784.73000 322.70520 0.17267 2803.37000 5514.17000 -13.23540 -32905.50000 33364.30000 
0.73024 2867.55000 333.08139 0.18713 2886.83000 5694.85000 -13.23430 -33163.10000 33648.50000 
0.73659 2949.76000 343.40200 0.20137 2969.68000 5874.39000 -13.32700 -33350.90000 33864.30000 
0.74294 3032.01000 353.71936 0.21533 3052.57000 6053.73000 -13.52070 -33476.50000 34019.50000 
0.74929 3114.08000 364.00400 0.22887 3135.28000 6232.25000 -13.82270 -33539.90000 34114.00000 
0.75564 3196.01000 374.24884 0.24189 3217.84000 6409.80000 -14.23680 -33543.50000 34150.40000 
0.76199 3277.76000 384.44100 0.25426 3300.22000 6586.12000 -14.76480 -33490.20000 34131.70000 
0.76834 3359.31000 394.57300 0.26589 3382.40000 6761.00000 -15.40650 -33383.40000 34061.20000 
0.77469 3440.64000 404.63300 0.27672 3464.35000 6934.23000 -16.15820 -33226.90000 33942.80000 
0.78104 3521.76000 414.62500 0.28662 3546.08000 7105.76000 -17.01830 -33026.30000 33782.10000 
0.78739 3602.57000 424.50300 0.29565 3627.50000 7275.05000 -17.96990 -32783.50000 33581.00000 
0.79374 3683.44000 434.40600 0.30346 3708.96000 7443.60000 -19.03640 -32515.20000 33356.40000 
0.80009 3762.59000 443.84200 0.31084 3788.68000 7605.40000 -20.11420 -32191.40000 33077.60000 
0.80644 3848.02000 454.49100 0.31597 3874.76000 7782.87000 -21.45010 -31939.40000 32874.00000 
0.81279 3857.90000 456.32700 0.31338 3884.79000 7807.50000 -22.45126 -31074.80000 32040.60000 
0.81914 3853.82000 455.78800 0.31107 3880.68000 7796.86000 -23.19880 -30081.70000 31075.70000 
0.82549 3853.87000 455.68800 0.30835 3880.71000 7793.37000 -23.97820 -29154.90000 30178.60000 
0.83184 3852.65000 455.38400 0.30489 3879.47000 7786.16000 -24.74580 -28251.90000 29305.20000 
0.83819 3851.81000 455.04000 0.30104 3878.59000 7778.41000 -25.49600 -27383.70000 28467.00000 
0.84454 3850.85000 454.63000 0.29676 3877.60000 7769.46000 -26.22658 -26548.90000 27662.40000 
0.85089 3849.94000 454.17100 0.29215 3876.63000 7759.71000 -26.93210 -25748.70000 26892.50000 
0.85724 3849.02000 453.66900 0.28726 3875.66000 7749.25000 -27.60993 -24983.60000 26157.80000 
0.86359 3848.12000 453.13501 0.28217 3874.71000 7738.26000 -28.25710 -24254.20000 25458.80000 
0.86994 3847.23000 452.57600 0.27693 3873.76000 7726.89000 -28.87170 -23561.00000 24795.70000 
0.87629 3846.37000 451.99900 0.27162 3872.84000 7715.27000 -29.45210 -22904.40000 24168.90000 
0.88264 3845.53000 451.41300 0.26628 3871.93000 7703.55000 -29.99730 -22284.50000 23578.50000 
0.88899 3844.72000 450.82400 0.26097 3871.06000 7691.84000 -30.50660 -21701.80000 23024.60000 
0.89534 3843.94000 450.24000 0.25574 3870.22000 7680.29000 -30.97950 -21156.30000 22507.30000 
0.90169 3843.20000 449.66700 0.25065 3869.42000 7669.00000 -31.41620 -20648.20000 22026.50000 
0.90804 3842.50000 449.11145 0.24574 3868.66000 7658.08000 -31.81670 -20177.70000 21582.10000 
0.91439 3841.84000 448.57800 0.24106 3867.94000 7647.64000 -32.18150 -19744.80000 21174.10000 
0.92074 3841.23000 448.07309 0.23664 3867.27000 7637.77000 -32.51110 -19349.40000 20802.30000 
0.92709 3840.66000 447.60000 0.23253 3866.66000 7628.55000 -32.80600 -18991.70000 20466.60000 
0.93344 3840.16000 447.16700 0.22876 3866.11000 7620.10000 -33.06740 -18671.80000 20166.90000 
0.93979 3839.67000 446.76700 0.22538 3865.57000 7612.35000 -33.29440 -18389.10000 19902.50000 
0.94614 3839.39000 446.44200 0.22236 3865.26000 7605.88000 -33.49290 -18145.30000 19674.90000 
0.95249 3838.56000 446.05484 0.21988 3864.39000 7598.79000 -33.64610 -17934.60000 19478.00000 
0.95884 3840.17000 446.12100 0.21750 3866.00000 7598.46000 -33.81470 -17777.50000 19333.40000 
0.96519 3762.45000 436.87700 0.21170 3787.73000 7440.90000 -33.22150 -17286.70000 18820.20000 
0.97154 3682.06000 427.20400 0.20687 3706.76000 7277.52000 -32.54130 -16814.00000 18321.40000 
0.97789 3602.40000 417.71051 0.20227 3626.54000 7116.84000 -31.85330 -16377.30000 17856.80000 
0.98424 3522.52000 408.22700 0.19797 3546.10000 6956.37000 -31.14398 -15964.20000 17414.00000 
0.99059 3442.65000 398.78717 0.19386 3465.67000 6796.56000 -30.42280 -15570.60000 16989.30000 
0.99694 3362.72000 389.37326 0.18987 3385.19000 6637.10000 -29.69270 -15190.70000 16577.40000 
1.00329 3282.74000 379.98000 0.18595 3304.66000 6477.89000 -28.95790 -14819.90000 16173.80000 
1.00964 3202.70000 370.60100 0.18203 3224.07000 6318.79000 -28.22180 -14453.40000 15774.30000 
