Time(s) Force[Z](Cylindrical:11)-BalanceoCaso3.iaa(N) Force[Y](Cylindrical:11)-BalanceoCaso3.iaa(N) Force[X](Cylindrical:11)-BalanceoCaso3.iaa(N) Force(Cylindrical:11)-BalanceoCaso3.iaa(N) Moment[Z](Cylindrical:11)-BalanceoCaso3.iaa(N.mm) Moment[Y](Cylindrical:11)-BalanceoCaso3.iaa(N.mm) Moment[X](Cylindrical:11)-BalanceoCaso3.iaa(N.mm) Moment(Cylindrical:11)-BalanceoCaso3.iaa(N.mm) 
0.00000 -3210.44000 1721.67000 -78.01080 3643.79000 270467.00000 70900.80000 -239246.00000 367992.00000 
0.00910 -3307.63000 1759.93000 -140.09900 3749.32000 338448.00000 82816.60000 -244547.00000 425686.00000 
0.01820 -3404.58000 1798.15000 -202.17600 3855.56000 406373.00000 94716.50000 -249843.00000 486345.00000 
0.02731 -3500.97000 1836.25000 -264.23700 3962.13000 474188.00000 106584.00000 -255124.00000 548910.00000 
0.03641 -3596.34000 1874.14000 -326.26200 4068.47000 541813.00000 118396.00000 -260373.00000 612677.00000 
0.04551 -3690.21000 1911.69000 -388.31800 4174.09000 609255.00000 130143.00000 -265576.00000 677244.00000 
0.05461 -3781.55000 1948.58000 -450.16507 4277.82000 676176.00000 141756.00000 -270687.00000 742011.00000 
0.06371 -3871.00000 1985.15000 -512.72900 4380.45000 743510.00000 153385.00000 -275754.00000 807697.00000 
0.07282 -3952.39000 2019.07000 -572.58800 4475.03000 807428.00000 164346.00000 -280454.00000 870405.00000 
0.08192 -3934.97000 2014.58000 -570.61100 4457.37000 803270.00000 163325.00000 -279831.00000 866154.00000 
0.09102 -3917.91000 2010.72000 -570.88100 4440.60000 801140.00000 162595.00000 -279295.00000 863868.00000 
0.10012 -3896.81000 2005.75000 -570.49000 4419.69000 797866.00000 161605.00000 -278605.00000 860422.00000 
0.10922 -3872.91000 2000.13000 -570.21500 4396.03000 794303.00000 160503.00000 -277824.00000 856660.00000 
0.11832 -3845.96000 1993.74000 -569.84100 4369.34000 790230.00000 159255.00000 -276937.00000 852361.00000 
0.12743 -3816.12000 1986.61000 -569.42000 4339.77000 785711.00000 157872.00000 -275947.00000 847592.00000 
0.13653 -3783.44000 1978.73000 -568.93200 4307.38000 780736.00000 156356.00000 -274854.00000 842343.00000 
0.14563 -3748.03000 1970.12000 -568.37400 4272.25000 775318.00000 154711.00000 -273658.00000 836625.00000 
0.15473 -3709.96000 1960.78000 -567.73900 4234.48000 769460.00000 152940.00000 -272361.00000 830445.00000 
0.16383 -3669.35000 1950.70000 -567.02063 4194.14000 763171.00000 151047.00000 -270962.00000 823812.00000 
0.17294 -3626.29000 1939.90000 -566.21100 4151.35000 756460.00000 149036.00000 -269462.00000 816733.00000 
0.18204 -3580.89000 1928.37000 -565.30200 4106.21000 749333.00000 146913.00000 -267862.00000 809217.00000 
0.19114 -3533.27000 1916.14000 -564.28400 4058.82000 741799.00000 144682.00000 -266163.00000 801274.00000 
0.20024 -3483.56000 1903.19000 -563.15000 4009.30000 733867.00000 142346.00000 -264365.00000 792914.00000 
0.20934 -3431.86000 1889.55000 -561.88900 3957.75000 725546.00000 139913.00000 -262471.00000 784146.00000 
0.21845 -3378.32000 1875.22000 -560.49000 3904.31000 716846.00000 137386.00000 -260481.00000 774979.00000 
0.22755 -3323.05000 1860.21000 -558.94600 3849.08000 707776.00000 134770.00000 -258397.00000 765427.00000 
0.23665 -3266.18000 1844.53000 -557.23800 3792.20000 698341.00000 132072.00000 -256220.00000 755494.00000 
0.24575 -3207.88000 1828.20000 -555.37700 3733.80000 688573.00000 129298.00000 -253953.00000 745213.00000 
0.25485 -3148.19000 1811.21000 -553.26900 3673.92000 678395.00000 126442.00000 -251594.00000 734511.00000 
0.26395 -3087.51000 1793.68000 -551.20900 3613.01000 668141.00000 123562.00000 -249160.00000 723713.00000 
0.27306 -3025.12000 1775.27000 -548.03400 3550.11000 656610.00000 120460.00000 -246603.00000 711660.00000 
0.28216 -2964.09000 1757.20000 -548.03100 3489.12000 648336.00000 117901.00000 -244095.00000 702725.00000 
0.29126 -2894.24000 1735.26000 -534.60100 3416.66000 625900.00000 112978.00000 -241049.00000 680161.00000 
0.30036 -2796.20000 1700.98000 -462.10700 3305.39000 541590.00000 97767.80000 -236306.00000 598931.00000 
0.30946 -2713.07000 1672.00000 -396.23056 3211.43000 464525.00000 83828.10000 -232295.00000 526091.00000 
0.31857 -2640.52000 1646.52000 -328.12200 3129.07000 385408.00000 69605.10000 -228773.00000 453565.00000 
0.32767 -2580.40000 1625.27000 -260.21170 3060.67000 306767.00000 55514.40000 -225838.00000 384955.00000 
0.33677 -2532.91000 1608.31000 -191.91200 3006.51000 227955.00000 41441.10000 -223500.00000 321920.00000 
0.34587 -2498.49000 1595.81000 -123.45200 2967.21000 149171.00000 27409.50000 -221781.00000 268682.00000 
0.35497 -2477.38000 1587.86000 -54.84720 2943.08000 70382.80000 13403.90000 -220696.00000 232035.00000 
0.36408 -2469.72000 1584.53000 13.82630 2934.36000 -8380.40000 -581.86900 -220252.00000 220412.00000 
0.37318 -2475.53000 1585.82000 82.50840 2941.07000 -87111.50000 -14558.00000 -220450.00000 237484.00000 
0.38228 -2494.73000 1591.71000 151.12400 2963.11000 -165786.00000 -28531.80000 -221287.00000 277970.00000 
0.39138 -2527.10000 1602.11000 219.64400 3000.20000 -244426.00000 -42517.70000 -222752.00000 333422.00000 
0.40048 -2572.29000 1616.90000 287.87800 3051.87000 -322881.00000 -56500.70000 -224826.00000 397481.00000 
0.40959 -2630.03000 1635.97000 356.24900 3117.75000 -401630.00000 -70569.00000 -227497.00000 466949.00000 
0.41869 -2699.06000 1658.87000 422.91700 3196.19000 -478784.00000 -84415.90000 -230699.00000 538128.00000 
0.42779 -2781.62000 1686.48000 494.50400 3290.31000 -561281.00000 -99199.20000 -234556.00000 616355.00000 
0.43689 -2863.72000 1713.34000 544.41000 3381.24000 -621296.00000 -110291.00000 -238305.00000 674508.00000 
0.44599 -2920.28000 1729.85000 540.77400 3436.98000 -625301.00000 -112074.00000 -240601.00000 679302.00000 
0.45510 -2980.52000 1747.62000 545.29300 3497.85000 -637790.00000 -115270.00000 -243073.00000 692205.00000 
0.46420 -3038.50000 1764.28000 547.34300 3555.95000 -647612.00000 -118017.00000 -245392.00000 702529.00000 
0.47330 -3095.82000 1780.53000 549.78100 3613.40000 -657742.00000 -120809.00000 -247653.00000 713128.00000 
0.48240 -3151.83000 1796.13000 551.86100 3669.42000 -667372.00000 -123506.00000 -249824.00000 723223.00000 
0.49150 -3206.55000 1811.14000 553.79700 3724.10000 -676706.00000 -126138.00000 -251913.00000 733009.00000 
0.50060 -3259.82000 1825.53000 555.54600 3777.25000 -685678.00000 -128692.00000 -253915.00000 742421.00000 
0.50971 -3311.51000 1839.28000 557.13500 3828.76000 -694295.00000 -131163.00000 -255829.00000 751463.00000 
0.51881 -3361.50000 1852.39000 558.57019 3878.53000 -702543.00000 -133547.00000 -257653.00000 760122.00000 
0.52791 -3409.67000 1864.85000 559.86400 3926.44000 -710414.00000 -135839.00000 -259387.00000 768389.00000 
0.53701 -3455.90000 1876.65000 561.02500 3972.38000 -717902.00000 -138034.00000 -261028.00000 776255.00000 
0.54611 -3500.07000 1887.78000 562.06300 4016.23000 -724996.00000 -140127.00000 -262577.00000 783710.00000 
0.55522 -3542.08000 1898.23000 562.98800 4057.90000 -731690.00000 -142114.00000 -264032.00000 790746.00000 
0.56432 -3581.82000 1908.01000 563.80700 4097.29000 -737975.00000 -143990.00000 -265393.00000 797355.00000 
0.57342 -3619.19000 1917.10000 564.52900 4134.31000 -743846.00000 -145752.00000 -266658.00000 803528.00000 
0.58252 -3654.08000 1925.51000 565.16100 4168.85000 -749294.00000 -147396.00000 -267829.00000 809259.00000 
0.59162 -3686.42000 1933.23000 565.71200 4200.85000 -754317.00000 -148918.00000 -268903.00000 814543.00000 
0.60073 -3716.10000 1940.26000 566.17600 4230.20000 -758895.00000 -150312.00000 -269881.00000 819360.00000 
0.60983 -3743.11000 1946.61000 566.60900 4256.90000 -763076.00000 -151586.00000 -270765.00000 823757.00000 
0.61893 -3767.12000 1952.20000 566.83300 4280.60000 -766657.00000 -152701.00000 -271543.00000 827536.00000 
0.62803 -3789.01000 1957.38000 567.53241 4302.33000 -770367.00000 -153782.00000 -272263.00000 831410.00000 
0.63713 -3805.19000 1960.78000 566.18700 4317.95000 -771475.00000 -154354.00000 -272737.00000 832697.00000 
0.64624 -3828.93000 1967.57000 572.21300 4342.75000 -780152.00000 -156181.00000 -273683.00000 841387.00000 
0.65534 -3801.91000 1955.19000 544.82800 4309.77000 -752274.00000 -151598.00000 -271955.00000 814161.00000 
0.66444 -3711.63000 1918.84000 475.97287 4205.32000 -679076.00000 -139072.00000 -266884.00000 742773.00000 
0.67354 -3630.05000 1886.29000 415.46200 4111.93000 -614515.00000 -127987.00000 -262345.00000 680320.00000 
0.68264 -3542.66000 1851.86000 352.63100 4013.00000 -547128.00000 -116362.00000 -257542.00000 615806.00000 
0.69175 -3454.78000 1817.52000 290.69100 3914.51000 -480457.00000 -104825.00000 -252753.00000 552912.00000 
0.70085 -3363.80000 1782.19000 227.43700 3813.54000 -412181.00000 -92981.80000 -247825.00000 489853.00000 
0.70995 -3278.37000 1749.13000 168.47400 3719.62000 -348426.00000 -81906.50000 -243215.00000 432738.00000 
0.71905 -3169.41000 1707.07000 93.60860 3601.11000 -267365.00000 -67809.50000 -237347.00000 363890.00000 
0.72815 -3169.45000 1707.16000 93.64170 3601.19000 -267407.00000 -67817.50000 -237361.00000 363931.00000 
0.73725 -3278.48000 1749.42000 168.57400 3719.86000 -348550.00000 -81930.40000 -243254.00000 432865.00000 
0.74636 -3363.99000 1782.65000 227.60400 3813.93000 -412386.00000 -93020.50000 -247889.00000 490065.00000 
0.75546 -3455.03000 1818.15000 290.92800 3915.04000 -480737.00000 -104877.00000 -252840.00000 553205.00000 
0.76456 -3542.97000 1852.63000 352.93900 4013.66000 -547475.00000 -116424.00000 -257650.00000 616171.00000 
0.77366 -3630.42000 1887.19000 415.84300 4112.70000 -614919.00000 -128056.00000 -262470.00000 680746.00000 
0.78276 -3712.03000 1919.83000 476.42700 4206.17000 -679526.00000 -139145.00000 -267022.00000 743248.00000 
0.79187 -3802.33000 1956.24000 545.35321 4310.68000 -752757.00000 -151670.00000 -272101.00000 814669.00000 
0.80097 -3829.36000 1968.65000 572.80400 4343.70000 -780653.00000 -156250.00000 -273833.00000 841914.00000 
0.81007 -3805.61000 1961.86000 566.83700 4318.90000 -771980.00000 -154416.00000 -272887.00000 833226.00000 
0.81917 -3789.42000 1958.43000 568.23300 4303.26000 -770866.00000 -153835.00000 -272409.00000 831929.00000 
0.82827 -3767.50000 1953.19000 567.57500 4281.49000 -767138.00000 -152743.00000 -271681.00000 828035.00000 
0.83737 -3743.46000 1947.53000 567.37800 4257.73000 -763531.00000 -151616.00000 -270893.00000 824227.00000 
0.84648 -3716.41000 1941.09000 566.96200 4230.96000 -759317.00000 -150330.00000 -269997.00000 819793.00000 
0.85558 -3686.70000 1933.97000 566.50000 4201.53000 -754702.00000 -148924.00000 -269006.00000 814934.00000 
0.86468 -3654.32000 1926.15000 565.94000 4169.46000 -749638.00000 -147391.00000 -267918.00000 809606.00000 
0.87378 -3619.38000 1917.64000 565.28800 4134.83000 -744149.00000 -145738.00000 -266734.00000 803831.00000 
0.88289 -3581.98000 1908.45000 564.53600 4097.74000 -738237.00000 -143968.00000 -265455.00000 797613.00000 
0.89199 -3542.21000 1898.59000 563.68000 4058.27000 -731912.00000 -142085.00000 -264081.00000 790963.00000 
0.90109 -3500.17000 1888.05000 562.71100 4016.53000 -725181.00000 -140093.00000 -262615.00000 783888.00000 
0.91019 -3455.97000 1876.84000 561.62400 3972.61000 -718053.00000 -137996.00000 -261056.00000 776398.00000 
0.91929 -3409.71000 1864.98000 560.41200 3926.62000 -710536.00000 -135800.00000 -259405.00000 768501.00000 
0.92839 -3361.53000 1852.47000 559.06665 3878.67000 -702637.00000 -133507.00000 -257664.00000 760206.00000 
0.93750 -3311.53000 1839.31000 557.57900 3828.86000 -694366.00000 -131123.00000 -255833.00000 751524.00000 
0.94660 -3259.83000 1825.52000 555.93900 3777.31000 -685731.00000 -128653.00000 -253914.00000 742462.00000 
0.95570 -3206.55000 1811.11000 554.14100 3724.13000 -676742.00000 -126101.00000 -251908.00000 733034.00000 
0.96480 -3151.83000 1796.07000 552.15800 3669.44000 -667395.00000 -123472.00000 -249816.00000 723235.00000 
0.97390 -3095.82000 1780.45000 550.03500 3613.39000 -657755.00000 -120778.00000 -247642.00000 713131.00000 
0.98301 -3038.50000 1764.19000 547.55500 3555.93000 -647617.00000 -117989.00000 -245379.00000 702524.00000 
0.99211 -2980.51000 1747.51000 545.46600 3497.83000 -637788.00000 -115245.00000 -243058.00000 692194.00000 
1.00121 -2920.27000 1729.74000 540.91100 3436.94000 -625295.00000 -112053.00000 -240585.00000 679287.00000 
1.01031 -2863.72000 1713.23000 544.51300 3381.20000 -621286.00000 -110274.00000 -238289.00000 674491.00000 
1.01941 -2781.62000 1686.36000 494.57500 3290.26000 -561269.00000 -99185.90000 -234540.00000 616336.00000 
1.02851 -2699.06000 1658.76000 422.95800 3196.14000 -478772.00000 -84406.50000 -230683.00000 538109.00000 
1.03762 -2630.03000 1635.85000 356.26178 3117.69000 -401618.00000 -70563.50000 -227481.00000 466930.00000 
1.04672 -2572.30000 1616.78000 287.86300 3051.81000 -322868.00000 -56498.90000 -224810.00000 397462.00000 
1.05582 -2527.10000 1601.99000 219.60200 3000.14000 -244414.00000 -42519.70000 -222736.00000 333403.00000 
1.06492 -2494.73000 1591.60000 151.05600 2963.05000 -165774.00000 -28537.50000 -221272.00000 277951.00000 
1.07402 -2475.54000 1585.72000 82.41370 2941.02000 -87098.20000 -14567.20000 -220436.00000 237466.00000 
1.08313 -2469.73000 1584.43000 13.70440 2934.31000 -8365.88000 -594.47100 -220238.00000 220398.00000 
1.09223 -2477.39000 1587.77000 -54.99680 2943.04000 70399.30000 13388.00000 -220683.00000 232027.00000 
1.10133 -2498.50000 1595.72000 -123.63100 2967.17000 149190.00000 27390.50000 -221770.00000 268681.00000 
1.11043 -2532.92000 1608.23000 -192.12000 3006.49000 227978.00000 41419.30000 -223489.00000 321927.00000 
1.11953 -2580.41000 1625.21000 -260.45000 3060.66000 306796.00000 55490.00000 -225830.00000 384970.00000 
1.12864 -2640.53000 1646.48000 -328.39200 3129.08000 385445.00000 69578.50000 -228767.00000 453589.00000 
1.13774 -2713.07000 1671.97000 -396.53300 3211.46000 464572.00000 83799.90000 -232292.00000 526126.00000 
1.14684 -2796.21000 1700.98000 -462.44200 3305.45000 541648.00000 97738.60000 -236306.00000 598979.00000 
1.15594 -2894.26000 1735.29000 -534.96900 3416.75000 625972.00000 112948.00000 -241054.00000 680224.00000 
1.16504 -2964.12000 1757.27000 -548.42800 3489.24000 648426.00000 117873.00000 -244104.00000 702806.00000 
1.17415 -3025.16000 1775.38000 -548.45800 3550.26000 656719.00000 120434.00000 -246619.00000 711762.00000 
1.18325 -3087.56000 1793.84000 -551.65600 3613.20000 668272.00000 123539.00000 -249183.00000 723838.00000 
1.19235 -3148.25000 1811.43000 -553.73500 3674.15000 678550.00000 126424.00000 -251625.00000 734662.00000 
1.20145 -3207.96000 1828.49000 -555.85553 3734.07000 688755.00000 129286.00000 -253993.00000 745393.00000 
1.21055 -3266.28000 1844.88000 -557.72100 3792.53000 698551.00000 132067.00000 -256269.00000 755704.00000 
1.21965 -3323.17000 1860.63000 -559.42600 3849.47000 708015.00000 134775.00000 -258456.00000 765669.00000 
1.22876 -3378.47000 1875.72000 -560.95700 3904.75000 717113.00000 137401.00000 -260550.00000 775253.00000 
1.23786 -3432.05000 1890.12000 -562.33200 3958.25000 725842.00000 139940.00000 -262551.00000 784451.00000 
1.24696 -3483.77000 1903.84000 -563.55800 4009.85000 734189.00000 142387.00000 -264455.00000 793249.00000 
1.25606 -3533.52000 1916.85000 -564.64624 4059.42000 742145.00000 144735.00000 -266262.00000 801637.00000 
1.26516 -3581.16000 1929.15000 -565.60700 4106.86000 749698.00000 146981.00000 -267970.00000 809604.00000 
1.27427 -3626.59000 1940.73000 -566.45100 4152.04000 756841.00000 149118.00000 -269577.00000 817139.00000 
1.28337 -3669.67000 1951.57000 -567.18800 4194.85000 763562.00000 151141.00000 -271082.00000 824231.00000 
1.29247 -3710.30000 1961.67000 -567.82700 4235.20000 769855.00000 153046.00000 -272485.00000 830871.00000 
1.30157 -3748.38000 1971.03000 -568.38100 4272.98000 775709.00000 154828.00000 -273784.00000 837051.00000 
1.31067 -3783.81000 1979.63000 -568.85700 4308.10000 781119.00000 156482.00000 -274979.00000 842762.00000 
1.31978 -3816.48000 1987.48000 -569.26593 4340.47000 786079.00000 158005.00000 -276069.00000 847997.00000 
1.32888 -3846.32000 1994.58000 -569.61300 4370.01000 790577.00000 159392.00000 -277054.00000 852746.00000 
1.33798 -3873.25000 2000.92000 -569.92000 4396.66000 794626.00000 160642.00000 -277935.00000 857020.00000 
1.34708 -3897.14000 2006.48000 -570.13800 4420.26000 798160.00000 161742.00000 -278707.00000 860754.00000 
1.35618 -3918.22000 2011.39000 -570.48100 4441.12000 801403.00000 162730.00000 -279387.00000 864167.00000 
1.36529 -3935.25000 2015.17000 -570.17500 4457.83000 803501.00000 163455.00000 -279912.00000 866420.00000 
1.37439 -3952.65000 2019.58000 -572.12800 4475.43000 807627.00000 164470.00000 -280525.00000 870636.00000 
1.38349 -3871.23000 1985.58000 -512.25800 4380.79000 743678.00000 153501.00000 -275814.00000 807894.00000 
1.39259 -3781.75000 1948.93000 -449.69400 4278.10000 676314.00000 141863.00000 -270736.00000 742175.00000 
1.40169 -3690.38000 1911.97000 -387.85600 4174.32000 609366.00000 130241.00000 -265615.00000 677378.00000 
1.41079 -3596.48000 1874.35000 -325.81600 4068.66000 541900.00000 118484.00000 -260403.00000 612784.00000 
1.41990 -3501.09000 1836.41000 -263.81200 3962.28000 474255.00000 106663.00000 -255145.00000 548993.00000 
1.42900 -3404.68000 1798.25000 -201.77800 3855.68000 406422.00000 94786.70000 -249857.00000 486407.00000 
1.43810 -3307.71000 1759.98000 -139.73100 3749.40000 338483.00000 82878.30000 -244555.00000 425731.00000 
1.44720 -3210.51000 1721.69000 -77.67470 3643.84000 270491.00000 70954.70000 -239248.00000 368021.00000 
