PotenciaA1iz,PotenciaA2iz,PotenciaA3iz,PotenciaC1iz,PotenciaC2iz,PotenciaC3iz,PotenciaB1iz,PotenciaB2iz,PotenciaB3iz,PotenciaA1de,PotenciaA2de,PotenciaA3de,PotenciaC1de,PotenciaC2de,PotenciaC3de,PotenciaB1de,PotenciaB2de,PotenciaB3de
0,0,0,0,0,0,0,0,0,0,0,0,0,0,0,0,0,0
0.995502446998881,2.75974496934935,4.5684458621993,1.35151264959794,1.39115789342594,1.26810388183411,0.311183228049658,2.05775444603101,2.66846809134997,1.07981846069054,3.34662670834358,5.25759496090289,1.3777046795342,1.26744347211672,1.57309340488142,0.990783145063644,1.49916942655212,3.58635357543187
4.08125731978756,11.2296656150503,18.6419939124677,5.69168831318693,5.84405060309305,5.35348745412033,0.91856742644982,8.52683756479698,10.3736737428195,4.42678731515244,13.6390898058074,21.4122581932401,5.79727521162435,5.34481145580615,6.61061279655642,4.39183216931675,5.57322936678777,14.9807690406712
9.40639781621322,25.6958631171866,42.7738468634793,13.4455154525974,13.7746280437787,12.6743192386583,1.33336219662519,19.8511252181357,22.664510954162,10.2025265345266,31.2566524186603,49.039260176366,13.6849233311047,12.6413449417744,15.5856969910173,10.845202094471,11.58857961388,35.1335168008096
17.1204265956255,46.4453868201766,77.5183943043872,25.0299430673673,25.5914235959946,23.640778066743,1.06784069543959,36.4750940254863,39.0872442726752,18.5688890581508,56.5793848428093,88.7191778606336,25.4587789904244,23.5586181877215,28.9615008499345,20.9898296833685,18.9165467236737,64.9868902521317
27.3737027431278,73.7684142510568,123.43440500671,40.8520297227535,41.6938834365114,38.6533684306109,0.367084614004247,58.8473518527706,59.1797523214693,29.6886385959521,89.9908696249456,141.044352888107,41.5268968190327,38.4890194478147,47.1874322766289,35.4624910225203,26.9342591240387,105.473928776307
40.3121000058609,107.954375155785,181.069507090252,61.2934113210317,62.4574984733577,58.0876302521438,3.44966421376836,87.4113173235827,82.478457871489,43.7199254975439,131.870242618999,206.606165369755,62.2719558724938,57.8010277275773,70.6821229953047,54.8779330361367,35.0471480899755,157.484792232111
56.1061936974143,149.327226288949,251.051817630527,86.7680886813111,88.290289712431,82.3510843280363,8.71625372920575,122.669653760787,108.446584360924,60.8471151081696,182.641410426429,286.096409156142,88.1086971480549,81.8954789547276,99.8934807368651,79.9203778553763,42.6017941947751,221.999588645056
74.7914824180941,198.076070038767,333.609385193767,117.401800234381,119.318884171697,111.569339345832,16.4180386133039,164.869111330653,136.790305366335,81.1114778213911,242.524434018329,379.80054811134,119.162463944173,110.896802164151,134.943708721151,110.857071936832,49.3624347344538,299.364982124104
93.2783667907649,247.333151189147,416.315327080938,145.844047014851,148.282175016499,138.575556155038,20.2860015095747,205.785662367733,170.656602130321,101.163099365435,302.761220660434,474.30058802542,148.037124977872,137.764455510993,167.564532178068,137.917751615856,62.2850712603531,372.765867906982
111.846292309551,296.780968176198,499.341290152379,174.101424497687,177.08348984158,165.400612358393,24.3430398447002,246.971056397478,204.132560630333,121.301836909673,363.218783286888,569.357738018066,176.724517124412,164.463183661287,199.917193465678,165.113293459346,75.1950322353982,446.176246541778
130.37142098155,346.302256111225,582.325185053437,201.851237992051,205.410309033322,191.728575137553,28.3114540122059,288.191720651006,237.444912230171,141.395812648935,423.717523927665,664.628838387769,204.900437782036,190.683457871091,231.634295514695,192.034459062379,88.5170960839024,518.9693641048
148.893430904929,395.955664413473,665.39643922958,229.098802634898,233.271549045777,217.565053979577,32.2766533671465,329.543746263897,270.473076769559,161.487135846811,484.332038557012,760.293603138275,232.57018857318,216.431861805638,262.713778737025,218.775008474168,102.179017731283,591.24854033515
167.397363842173,445.741495702953,748.521799144633,255.743244370653,260.570886321459,242.811184899167,36.2072971511706,371.016616772138,303.211865855218,181.560155031836,545.056600134514,856.358142919203,259.632134538766,241.611663679862,293.039972718554,245.265431003474,116.266742502662,662.878989473698
185.886422523528,495.680131469146,831.719365785466,281.716315581706,287.245098671322,267.40168823072,40.1084574604438,412.633111187124,335.621520699776,201.619140620045,605.910040493832,952.87988168452,286.017763253622,266.157615671609,322.534466955749,271.488619457564,130.816686082671,733.804893887423
204.358061130816,545.781015034897,914.990350548117,306.939178653008,313.218635258978,291.259855367985,43.9742075141187,454.405078109909,367.675136452643,221.658333518948,666.900183253012,1049.9000777471,311.647413342087,289.993838199033,351.106717869441,297.409870380837,145.875688284582,803.947349409599
222.810641339015,596.058132262767,998.340452390952,331.334572041233,338.418928708941,314.311768814371,47.8018074230386,496.347378749274,399.344275465449,241.67939247311,728.040277841846,1147.46401274104,336.443989462877,313.046331607494,378.672123634696,323.001475582878,161.487426444993,873.233940596263
241.242614546742,646.522746963748,1081.7717406511,354.825284331661,362.77146219092,336.482097083518,51.5874618873561,538.47357086187,430.605205449525,261.681186224104,789.339259779789,1245.60969913103,360.329485259081,335.238702572035,405.147634111214,348.232092726042,177.691392021378,941.59385294911
259.65406801078,697.18245101982,1165.28573701988,377.332214508056,386.201201660097,357.695915155927,55.3276861858813,580.797898331246,461.434979880787,281.661265029525,850.806947170933,1344.37676538458,383.224313802315,356.495007786886,430.451762072621,373.073249253822,194.526642154244,1008.95799005549
278.044087048373,748.048515326011,1248.88678776721,398.775689550559,408.631120635995,377.875774518345,59.0188146544263,623.332099282637,491.813629673278,301.620199147634,912.451783933701,1443.8018981146,405.049239166339,376.736991225465,454.500502295528,397.495018125084,212.030434613945,1075.24975374562
296.411987164519,799.128822468611,1332.5716197494,419.077027299774,429.98466435261,396.945812865316,62.6570350740504,666.090315847755,521.723501602613,321.557551539962,974.278991989129,1543.92266762036,425.724288417969,395.885361573883,477.223531823185,421.466563636918,230.236087120066,1140.42185714923
314.75916760525,850.426963521317,1416.34476861494,438.154385315461,450.182007503256,414.827896677757,66.2384593403315,709.083991845005,551.151357851422,341.473218554391,1036.29828104767,1644.76712742077,445.16765243823,413.860802856078,498.53113540565,444.960794353965,249.175792300961,1204.39172334877
333.082036955952,901.949230176923,1500.20262982027,455.926383146964,469.143805437803,431.443546921619,69.7588968433706,752.327505205042,580.084557746821,361.363666801581,1098.51307322264,1746.37055983464,463.298654389904,430.582320915734,518.356724452875,467.946381418829,268.878573542975,1267.10749422835
351.382591430585,953.697543527089,1584.14303732222,472.311939312755,486.789669524508,446.713579471664,73.2140209613314,795.832341344892,608.513941983787,381.233025054566,1160.92823806629,1848.76075460325,480.034246290903,445.967061248035,536.616958844357,490.397377362032,289.371295903223,1328.51017713043
369.66154480862,1005.67728568009,1668.16396379779,487.226885901848,503.037450910013,460.558150768766,76.5988652725581,839.611056385468,636.436569808461,401.080394304664,1223.54491126312,1951.96171875906,495.291601234827,459.93293163793,553.233765888746,512.283183595191,310.67874000547,1388.53067856676
387.915666560552,1057.88714492933,1752.26162604053,500.589137548491,517.803073629532,472.896241963386,79.9095154041037,883.67640643945,663.847593445832,420.905018275574,1286.36607388775,2055.99883173675,508.987766770483,472.395639311885,568.138706264138,533.576244836432,332.823687523707,1447.12576784474
406.150678973491,1110.32490760258,1836.43027554694,512.312748405764,531.001149537474,483.644992022915,83.1372475426364,928.038788096427,690.752487761052,440.706343042612,1349.38861083566,2160.89410810656,521.035811107951,483.268430717367,581.249903994452,554.24652676905,355.825565890211,1504.22987035075
424.364050155564,1162.99752820852,1920.67147282187,522.321169775279,542.555361623243,492.73042021495,86.2880833030542,972.723698756778,717.142098065707,460.488884816891,1412.61819765308,2266.67474923329,531.360873049664,492.474637109079,592.502489951421,574.278730709626,379.692694137338,1559.80579016216
442.555590592113,1215.86689454163,2004.94902634661,530.495719854884,552.344228751403,500.03477554215,89.3103637420137,1017.7043530761,743.072273931596,480.24825865171,1476.01898759065,2373.32615550812,539.842670555962,499.894219975728,601.784299348107,593.601180441335,404.4850620306,1613.7473537366
460.746185874502,1269.04078871671,2089.39417952453,536.884522620112,560.412428883947,505.608694178717,92.3697657270638,1063.15110506664,768.37180071731,500.008260428711,1539.71717658483,2481.01338791103,546.529760009902,505.571883128193,609.163749486964,612.369483225488,430.041081292572,1666.26404832882
478.803906891578,1322.10349414576,2173.38117216437,540.880514664161,566.160016154901,508.847828341135,94.8024406642298,1108.47955476283,793.766074041184,519.626884561153,1603.20329463298,2589.06536596784,550.81405690815,508.910922275152,614.005940669129,629.837413514468,457.056790308821,1716.29946036202
497.442831902144,1376.52162119421,2259.59385414365,544.430573424708,571.49093833294,511.688805201886,99.088393066295,1155.99582074118,816.472484521384,539.868070958264,1668.32696507132,2700.54899622357,554.645354404198,511.807987306889,618.398097643229,648.841142072884,482.839909430221,1767.69513841929
513.011313186472,1426.65853202764,2335.83882295825,539.2411149071,568.256958071926,505.911751849645,95.4946445456303,1196.64088608456,847.83752951254,556.850372615584,1727.70580880468,2801.34856355835,549.716571704677,506.165517538256,613.581794615117,657.592101234689,518.342271670896,1804.87593312797
516.85761604689,1449.55610458002,2365.05724208415,499.509925528063,531.020590235184,465.80160664604,52.7792479831405,1198.20826009588,921.154556333912,561.086635786185,1753.71645645542,2848.47052166865,510.156644415093,466.794613309428,572.195185224031,621.323166190727,592.616242215751,1778.55826461178
519.759211633674,1466.54364994644,2387.10911263069,457.27160290241,491.152672308368,423.229609728084,10.7393683963998,1195.33134694992,990.367281222136,564.236982083949,1773.40741705962,2886.64209826161,468.046636380591,424.954881122633,528.248786232161,584.914746228615,661.314489952753,1748.4325908529
519.368472868851,1475.12246550782,2395.08647605213,408.722891318092,444.898536683562,374.418366893097,35.4239302942896,1183.44186238724,1061.6709151024,563.825858274009,1783.30664276451,2907.45346056847,419.576525653002,376.927587582766,477.756005279925,542.47308760428,729.865242139548,1707.36077886529
516.63555784562,1476.27718555779,2391.78864391248,355.915741524882,394.26055446618,321.378847460255,83.7964163632953,1164.17829484855,1132.92133086101,560.861929405223,1784.8346015684,2913.98593954529,366.802449521456,324.720942909842,422.8725341914,496.673722714535,795.695752685385,1658.96728379663
511.459946062311,1470.13268032006,2377.1099106115,299.312514828946,339.681650786079,264.561399548542,134.230741706995,1137.54609934512,1204.19350175652,555.242261851336,1778.11583570865,2905.87625300535,310.190020535603,268.792698096495,364.080136294274,447.750706282277,858.534999717763,1603.86640817077
504.058608326838,1457.06949752021,2351.81292605307,239.840860407101,282.057088309986,204.874818911984,186.074013573774,1104.03623572843,1274.82023588038,547.196522169063,1763.63607118701,2883.84739987822,250.66540313564,210.058140525142,302.329355964564,396.598554991262,917.53800687324,1543.38408857583
494.550360798123,1437.42340009607,2316.41174969049,178.316875972245,222.181457741233,143.127512979656,238.770028407056,1064.05914717944,1344.22553693502,536.856099783778,1741.78350469792,2848.357380763,189.049509496802,149.331015186473,238.45146882501,343.896280952517,972.08136902138,1478.549749065
483.078904164842,1411.56684681437,2271.49968185893,115.602177670641,160.893117701668,80.173320129074,291.700330281258,1018.1056601651,1411.67398809632,524.383561649183,1712.98883314062,2800.00591730982,126.202208328788,87.4694151446459,173.316282149884,290.350599574019,1021.54227512954,1410.35918574222
469.778183781181,1379.88455597931,2217.64466203515,52.5508298635529,99.0259820770045,16.8676673527897,344.228563342034,966.699121132195,1476.35399596879,509.915496937554,1677.67257405821,2739.39813770245,62.9799861075387,25.32703081654,107.779866023433,236.620115939618,1065.36664423126,1339.69523812657
454.782373366004,1342.77453106734,2155.44002001188,9.97348865657343,37.4257700584625,45.9207801893358,395.674127567106,910.420942078076,1537.34403861082,493.607809480114,1636.25277041762,2667.20250144316,0.247863170377866,36.2305370288549,42.7071005474902,183.350002621151,1103.03193229728,1267.35898115643
438.223100383222,1300.62981703289,2085.44079023689,71.136729905381,23.0881835575674,107.347700919691,445.369250300592,849.874394105634,1593.67053772816,475.597731064431,1589.13658145132,2584.09894531532,61.1591043996221,96.3667344213891,21.0689888185113,131.123612918872,1134.09179557841,1194.01417237554
420.24536082748,1253.90195692504,2008.30148617979,130.025578675,81.6162496437344,166.482542564401,492.487213677081,785.830365566135,1644.11459982408,456.048395979085,1536.77312961099,2490.90683493196,120.326426213646,154.168496634247,82.6325132077017,80.6005797326014,1158.04472206896,1120.3628242658
400.91002610986,1202.83284650064,1924.30541891759,186.066604704081,137.591799934131,222.736710499151,536.655708173184,718.663879542484,1687.96118428451,435.020209644768,1479.36964525898,2388.05176625472,176.680210161927,209.056642024397,141.421978432535,32.0229456990688,1174.7861051905,1046.50919190456
380.630505626184,1148.48489691812,1835.17369010694,237.506194945849,189.282984689627,274.314229422493,575.758532421085,650.419213077449,1722.26177024155,412.974274287629,1418.04210961091,2277.71471274141,228.463742522991,259.293921196806,195.639736465766,12.936719351987,1182.90567173305,974.289579921788
358.429236915282,1088.64559384206,1737.06066162432,287.001694063866,239.301556427675,323.892065055371,613.81001725233,577.398818800279,1751.95599636567,388.839771009408,1350.12401751105,2155.28376752792,278.336066015498,307.476226821482,248.074925465825,58.074002915488,1186.0218238988,898.916518350256
339.002851316191,1034.85655113077,1648.80430676333,320.495899740975,273.773443595345,357.223650024312,632.051333781094,517.738356794772,1751.60134961974,367.719152266796,1289.24533136782,2044.62935838098,312.223408469385,339.792536962399,284.168058177014,85.9496374542641,1168.56638503246,840.18398810245
328.052600040085,1000.80547118305,1593.75720677761,324.609665063404,279.358674441036,360.715373700736,611.691323500941,493.270897006034,1698.61640767071,355.816759685031,1250.9951145784,1975.26005653911,316.70167210322,343.160936214084,289.896690251824,79.953178705218,1119.16197854352,819.589289448399
315.640642101639,963.339242568645,1532.9946405177,330.70428580258,286.930517236077,366.1596815822,595.996983147257,464.587593164166,1651.4463021927,342.334544700488,1208.11649110727,1898.71993914304,323.161281394441,348.407555945633,297.755361380151,79.1072617458155,1074.96783624265,792.740330830814
303.587539851245,926.976066414427,1473.76716077992,333.703444741743,291.472258554504,368.431218797458,578.23031589267,438.094101996106,1600.67265596676,329.240853915307,1166.17105452711,1824.30741013109,326.518409932177,350.557394483972,302.483894006552,76.7254664547891,1029.83658701809,766.96005482235
291.410326961666,890.404414401369,1414.11929607918,335.024229792617,294.373830135111,368.957229395285,560.116707333547,412.158579487501,1548.78372320176,316.018372934991,1123.53953722851,1749.46111279719,328.191636309316,351.009655320358,305.529696394907,74.5817574370381,985.36574147053,740.366871888824
279.235273055217,853.942801899276,1354.55860458022,334.40085880538,295.370277136836,367.470653038307,541.253603529979,387.177913783123,1495.19711489414,302.795862003305,1080.64475916256,1674.85710673375,327.915200584755,349.511985816794,306.611660756094,72.2203367794372,941.115415197265,713.421472447019
267.030628647868,817.462996979248,1294.94053657309,332.005284299003,294.623498235691,364.143221343493,521.774467566187,363.036454077934,1440.13451292888,289.545880536089,1037.33820025239,1600.29093587783,325.859910848011,346.241062868908,305.894721550464,69.7701724012992,897.183500934083,685.995314536284
254.803026442458,780.959940130387,1235.29582610304,327.895909998236,292.189066989617,359.035142778511,501.677280223596,339.745381661486,1383.60117466928,276.274521381373,993.633926620854,1525.80419037661,322.084943778821,341.260652701964,303.430409316858,67.2066527041154,853.528704122976,658.109073576628
242.552316280597,744.395949779555,1175.60846868419,322.159632796067,288.147937788586,352.235022998359,480.994293870838,317.277091418564,1325.64817461053,262.977238747219,949.497028414995,1451.37180613372,316.676798603956,334.662861196977,299.302598466788,64.5446272140687,810.145660527465,629.754053573815
230.280472846814,707.747300464477,1115.87298789431,314.877058307204,282.578127643373,343.824115557858,459.7520015987,295.616032374314,1266.32894894117,249.659896299059,904.912605631946,1376.98262482764,309.71680430291,326.532768875234,293.58696589953,61.7879256794031,767.022527931612,600.930932900585
217.987563592361,670.991185607024,1056.08881229617,306.130064588306,275.55642603943,333.887907705118,437.976182878507,274.737890616305,1205.71009995523,236.320434656412,859.866567267258,1302.63083679474,301.286507655031,316.955706033098,286.362401059209,58.9429903930152,724.145579279303,571.641835469938
205.672226129545,634.102851210014,996.250786634219,296.000484097932,267.16261394113,322.50935384696,415.698164998394,254.619942415136,1143.84780308732,222.959134636217,814.344413776383,1228.30424469016,291.46752727524,306.015675359218,277.707314231694,56.015332929086,681.505638737307,541.891670639393
193.336824859028,597.066254819772,936.355303535737,284.569150131585,257.473626831793,309.7725184105,392.942147895447,235.231650051088,1080.79077429017,209.578097834001,768.3359905378,1153.99610885657,280.34101259051,293.79704937418,267.702590499924,53.0102145359509,639.088465969881,511.691014239147
180.982052502832,559.86240069661,876.403157064805,271.917234512321,246.569873620171,295.761765031384,369.737762368571,216.546992735598,1016.61032667661,196.177803578427,721.835645682197,1079.70235772082,267.988452164732,280.382327803929,256.428325100387,49.932687151043,596.884829711508,481.050740866289
168.608764228295,522.481990687577,816.391522988266,258.12566057304,234.529026315242,280.560000565401,346.113692150757,198.531475813455,951.368938103817,182.757580156226,674.842360863425,1005.4137885769,254.491086469302,265.853453605573,243.964412742516,46.7877155402379,554.882485539204,449.983464848077
156.216690902496,484.91217137863,756.320453775299,243.274369671311,221.430489283152,264.250796376372,322.098862024532,181.151695021908,885.131015683503,169.319858544664,627.358392812121,931.125930478353,239.929174210012,250.291722068774,230.392574068737,43.5801069721354,513.069230544966,418.508470365514
143.808394059897,447.148091292602,696.191061995662,227.443763226915,207.353109388786,246.917411312457,297.720665038229,164.370403587773,817.962798433346,155.865661310803,579.39122603258,856.836595031481,224.38343419904,233.777418526152,215.793423227257,40.3144770316069,471.432136464086,386.643773551187
131.385054309306,409.187154032163,636.004295964542,210.713837295572,192.375910332874,228.643065263449,273.009468601284,148.149310448703,749.938814362938,142.396130678694,530.953594101533,782.540780372771,207.934179784198,216.390956661105,200.249278563229,36.9962162141241,429.960264329834,354.409915836287
118.946939967695,371.030379172267,575.765192995033,193.162153570226,176.575488509152,209.508125243762,247.99042376684,132.449395895574,681.114904213769,128.912494679364,482.0634463231,708.240050232758,190.658787293687,198.208380301485,183.838936721222,33.6272255234532,388.638036064186,321.83522474403
106.493876084819,332.678932148611,515.465452212071,174.875678673844,160.038376351627,189.603345398181,222.7048261805,117.217401907137,611.579973010757,115.413451041806,432.738826027344,633.917500872593,172.645149603459,179.316207482215,166.652408022219,30.2211882970642,347.46088551205,288.935619710961
94.0363481709022,294.156196556791,455.144956768799,155.906288808773,142.816536055796,168.983017294539,197.140852749112,102.446801064048,541.355744763697,101.910310473521,383.023745515952,559.62023644949,153.945260641246,159.764821802274,148.74401077552,26.7522351399796,306.386851606684,255.768930492835
81.5441179739835,255.417211929579,394.690626754785,136.420413909054,125.075281787308,147.819705159415,171.460191221184,87.962116118921,470.70212880823,88.3693327097011,332.890646394181,485.194560724176,134.725945066472,139.717570922105,130.28663777229,23.3252859761542,265.494103261599,222.267409387526
69.1184487291947,216.673727702696,334.480553366775,116.213402108408,106.613143810028,125.904177831597,145.268788133856,74.1319460681875,399.081108208791,74.9025991578383,282.594327077978,411.132151756725,114.78294469675,118.973360325029,111.069078009318,19.6209970289947,224.473734991506,188.776122323196
56.4548038546867,177.293292789584,273.354970835432,96.2482879666241,88.3839437893383,104.228165647933,119.913032723459,59.6072657438255,328.483668137347,61.1780048284113,231.45221323536,335.891624959458,95.0801609187278,98.4742097161345,92.0910733488849,16.6613237716984,184.235644273925,154.348935728798
44.7332218684661,140.137568253381,216.078439673461,73.8377807651966,67.7087595145086,80.0453071051174,91.257830737058,48.9496616290081,253.336028440034,48.4776485444969,182.789150461681,265.728310660831,72.9243240653646,75.5991557609969,70.5464438972017,10.9946484995216,142.104748161302,122.798098524829
34.7279774415452,107.909345507169,166.710860980476,52.3251788963276,47.7555814499828,56.9031391406151,63.6565479041092,41.5334228292737,183.230545122234,37.6366618163294,140.332072900974,205.45323614594,51.6362983075246,53.7084823454575,49.7435835385371,4.41735575730962,103.201345583565,95.9939967811018
25.575863552431,78.9118913226741,122.135169431698,35.4689840677386,32.2184977049199,38.6916624228777,42.4878549260044,32.7606583862027,126.718341964661,27.7193212588943,102.355616970684,150.790796573323,34.9738475467487,36.4982692983085,33.5501446690201,0.748238237997385,71.6749568153564,71.0729993570458
17.6137798749216,53.9676888568559,83.6854473154185,22.3318965663374,20.1705408039331,24.4496319318806,26.2863575394439,24.0502455160775,81.6929677783468,19.0909217184966,69.8127880924355,103.508246652959,21.9990153923919,23.0490571156141,20.9967139516404,1.17861536722568,46.4467797659651,49.1915698502127
10.9488575114185,33.3246549474417,51.771721547447,12.656877502534,11.3579936060984,13.9137978746496,14.6120458496396,15.8200155593901,47.5392202304589,11.8675866344998,42.9963399476966,64.1455846221387,12.4545795643023,13.1079706788365,11.8182099183876,1.71497974268943,27.1847846891566,30.7147731707742
5.73886613836133,17.3543363925349,27.0113704003711,6.00881809466854,5.35054907478311,6.63731832499508,6.78184612297755,8.73620805703573,23.2710985193169,6.220742611913,22.3325825508288,33.5237728679011,5.90509295130524,6.24815284566701,5.56446009753718,1.39741898741295,13.3948928559822,16.167592388241
2.11717904268002,6.36547465905124,9.92441943288338,2.01159168048184,1.77608621426319,2.23352055324166,2.21525058954569,3.36857516022348,8.04677009726385,2.29506570593153,8.17204954751137,12.335706008785,1.97407510358006,2.10087570704513,1.84602564477569,0.678493826415028,4.66288585704802,5.98677885004367
0.242454988538027,0.723907580319203,1.13096419027734,0.202022840544994,0.176062231218118,0.226068149138293,0.214204542224415,0.405856562398324,0.847344222877729,0.262840462378034,0.926653735178478,1.40830467947757,0.197828921627577,0.212388597159875,0.182830496646007,0.10015184917471,0.495627881121842,0.688665025665012
0.242454988538023,0.723907580319192,1.13096419027732,0.202025305139834,0.176062675955588,0.226068588533002,0.214208065634513,0.405859817888732,0.847356035873587,0.26284046237803,0.926651851946434,1.40830467947755,0.197830975456607,0.212388204497713,0.182830106242804,0.100152805269156,0.495631604099248,0.688666000160208
2.11717904267999,6.36547465905114,9.92441943288322,2.01165822545465,1.77609421966391,2.2335363715439,2.21536686012985,3.36867282357904,8.04708904649285,2.2950657059315,8.17203259888865,12.3357060087848,1.97413055772406,2.10087217304333,1.84601510376769,0.678502431315576,4.66297800099616,5.98680516127596
5.73886613836133,17.3542973401425,27.011370400371,6.00910564952139,5.35058243259823,6.63738423603206,6.7823452328423,8.73664209367324,23.2725997169756,6.220742611913,22.3324413269294,33.523772867901,5.90534969670956,6.24813321143408,5.56441129444626,1.39745723226225,13.3953349654439,16.1677385588717
10.9488575114185,33.3245018636616,51.7718008644598,12.6576223551277,11.3581025893392,13.9139916625344,14.613369185629,15.8212383152689,47.5431271116908,11.8675866344998,42.995970967499,64.1455046161705,12.4552438922912,13.1079321918622,11.8180759897211,1.71508750286339,27.1859705011121,30.7151551466188
17.6137798749216,53.9674358046308,83.6855784170474,22.3333610970496,20.1708651604231,24.4500234961976,26.2891150757573,24.052881438661,81.7009403907759,19.0909217184966,69.8120259690541,103.508246652959,22.0004133535262,23.0490252992797,20.9964925213721,1.17882449951572,46.4492678409025,49.1923590759144
25.575863552431,78.9113243142068,122.135365241781,35.471321728862,32.2191439835499,38.6923537955726,42.4926825588772,32.7653820050313,126.732631895341,27.7193212588943,102.354479210719,150.790598952004,34.9762846828137,36.4982692983082,33.5498138020738,0.747860983383363,71.6794622657014,71.0742960643587
34.7279774415452,107.9082896324,166.710860980476,52.3285148798082,47.7568608787386,56.9041792557548,63.6640796987325,41.5412994850684,183.252163283384,37.6366618163294,140.329850175776,205.45323614594,51.6400512889402,53.7087480540863,49.7431212412572,4.41677377967284,103.208740247478,95.9959721897747
44.7332218684659,140.135811157063,216.07843967346,73.8422249088811,67.7110657292259,80.0467911698533,91.2689054285124,48.9613603546577,253.364803294076,48.4776485444966,182.786194846918,265.728310660829,72.9297866586434,75.5998636522299,70.5458280922099,10.9938519403066,142.115641876829,122.800947007745
56.4548038546867,177.291045492744,273.355436094355,96.2538583776679,88.3877949247924,104.230064500894,119.928194869482,59.6240859165329,328.523292222766,61.1780048284113,231.447899623931,335.891624959458,95.0873906011465,98.4756820921933,92.0902851601296,16.6602770140724,184.251188464626,154.352578029487
69.1184487291945,216.670435230899,334.480553366774,116.219775792064,106.618949908198,125.906497277782,145.287689269655,74.1539823483266,399.129470789637,74.9025991578381,282.588413495709,411.132151756724,114.791491227109,118.976128534685,111.068114825944,19.6197856756325,224.494682277487,188.780567896064
81.5441179739833,255.413323866803,394.690626754785,136.427265092083,125.083447302685,147.822080339615,171.482965295546,87.9894538665758,470.755141315372,88.3693327097008,332.883678818314,485.193881414971,134.735708002288,139.722152641551,130.285499116363,23.3240136495138,265.520395012762,222.271849907656
94.036348170902,294.150965771559,455.144956768799,155.913409750273,142.826825601479,168.985336369998,197.166514649165,102.479832602716,541.416850107721,101.910310473521,383.014841362282,559.619452409592,153.955348641704,159.771245731561,148.742320462119,26.7509963110637,306.418520374265,255.774048961138
106.493876084819,332.673006780748,515.465452212071,174.88286089665,160.050297944057,189.605257329341,222.732580626196,117.254763337675,611.643836143939,115.413451041806,432.727763579433,633.916611826393,172.655249604281,179.324566792478,166.650064457085,30.2201479449592,347.497786894058,288.940361378513
118.946939967694,371.022813627764,575.765192995032,193.169187614956,176.588018722102,209.509194082333,248.018553910503,132.49106548549,681.174327435013,128.912494679364,482.051127845935,708.239055861336,190.668333497249,198.218454047097,183.835599227347,33.6265856829366,388.679848491465,321.839931021056
131.385054309306,409.178794850762,636.004295964542,210.72079061134,192.387675816253,228.642474296446,273.037377021422,148.192392137213,749.997867763195,142.396130678694,530.941265295486,782.539680311366,207.94252376312,216.402106810879,200.244529330706,36.9962162141241,430.005239448902,354.414463076017
143.808394059896,447.138938456237,696.191061995661,227.450172612533,207.362713209355,246.914496969169,297.746065441351,164.414339048337,818.020233086936,155.865661310803,579.377779461668,856.835388866626,224.390454002335,233.789359288925,215.787055923504,40.3152527412626,471.480042826079,386.647327595531
156.216690902496,484.900981442059,756.319174346174,243.280686379099,221.436624181347,264.245161032231,322.120883243327,181.195078536952,885.177790265975,169.319858544664,627.343841558279,931.124617744683,239.934826001191,250.303456118571,230.384065509021,43.5818716595655,513.118348660597,418.511557923646
168.608764228295,522.469907478443,816.390142950801,258.131418884324,234.530198800134,280.550483966284,346.131472674118,198.573624924488,951.410991648828,182.757580156226,674.82671854743,1005.41094893032,254.495405202766,265.864092328663,243.95350131962,46.7904530756545,554.931540652013,449.986796226669
180.982052502832,559.849423763097,876.400196343353,271.923047467067,246.565663212849,295.747852876927,369.748336486002,216.585268047371,1016.64642308873,196.177803578427,721.818926345062,1079.69777524164,267.991552407263,280.39156259612,256.41437980328,49.9366124733706,596.933230450667,481.052528212178
193.336824859028,597.052383501037,936.352142730699,284.574550051816,257.464596186647,309.754132518153,392.944400558468,235.26721513514,1080.81968197205,209.578097834001,768.319986723941,1153.99120143683,280.342674104427,293.804568932257,267.686471842704,53.0152758789397,639.134695123779,511.692922989128
205.672226129545,634.088084599856,996.245746120658,296.005805510755,267.148144300902,322.485567598048,415.690997788653,254.64991520293,1143.85804913081,222.959134636217,814.329349643753,1228.29726536161,291.467970726309,306.021587783443,277.688858072262,56.0215435852044,681.548981173986,541.892685592663
217.987563592361,670.975522515311,1056.08347325615,306.135253945106,275.538456117795,333.859687516209,437.959776960134,274.763710081796,1205.72095448309,236.320434656412,859.852662664926,1302.62341822235,301.286507655031,316.959298418399,286.341887450171,58.9501293470588,724.186363075338,571.641835469938
230.280472846814,707.732579497279,1115.86735105237,314.881561146648,282.556877890224,343.792161497721,459.724099268976,295.635817022626,1266.32894894117,249.659896299059,904.902164276427,1376.97476355418,309.716804302909,326.534196782007,293.565698331169,61.7958300542862,767.059047596799,600.930932900585
242.552316280597,744.380428919903,1175.60055669755,322.163865827676,288.1260248278,352.200207336668,480.955245674016,317.291379025384,1325.64817461053,262.977238747219,949.488273497856,1451.35934447671,316.676269475004,334.662358113258,299.281621308181,64.5529753951176,810.178359947969,629.754053573815
254.803026442458,780.9456576867,1235.28751867521,327.899817468316,292.166540703427,358.999673616107,501.627651694941,339.754905846904,1383.58850467693,276.274521381373,993.629351078509,1525.79105272912,322.083827358798,341.257470319586,303.411455972392,67.2151929034716,853.556978182512,658.10781742753
267.030628647868,817.450151597033,1294.93183432276,332.009397274828,294.602974445468,364.109653456141,521.715034743281,363.04214089507,1440.12124102295,289.545880536089,1037.3405856837,1600.27711540535,325.859323280036,346.235483743788,305.878664491678,69.7783459606288,897.208031817734,685.993998319045
279.235273055217,853.931592858961,1354.54950796617,334.405179285732,295.352070377656,367.440610141343,541.186935539644,387.179395968375,1495.18324260338,302.795862003305,1080.65220442267,1674.83775904216,327.913966161797,349.504372592816,306.600620105146,72.2277871892624,941.135713897715,713.420096226953
291.410326961666,890.392698677134,1414.10743270207,335.027465534938,294.359676050057,368.932509448653,560.040812102116,412.155495414653,1548.76925196866,316.018372934991,1123.55242117657,1749.44083383367,328.190342012388,350.99922481991,305.524827056266,74.588087606098,985.38273090119,740.365435713844
303.587539851245,926.968731485709,1473.75480488085,333.706831672454,291.461135668617,368.414490774584,578.146447421904,438.089298227361,1600.65758712491,329.240853915307,1166.18974872955,1824.28353526877,326.517732546035,350.545202343919,302.485803301647,76.7302378528743,1029.8528533318,766.958558720698
315.640642101639,963.336695191037,1532.98179189695,330.707825457393,286.924310783324,366.151696909223,595.908360905467,464.579293933854,1651.43063694287,342.334544700488,1208.14688689464,1898.69221643526,323.160573463479,348.394155345775,297.765327041595,79.1103148083949,1074.98017383022,792.738774808761
328.052600040085,1000.80547118305,1593.74119654578,324.612620217724,279.35624274709,360.716128426987,611.599702195202,493.260590145246,1698.6001470553,355.816759685031,1251.0350821086,1975.23112114727,316.70093331464,343.146964773453,289.915387768771,79.9541839040334,1119.17322165676,819.58767348794
339.002851316191,1034.86205958383,1648.79047079808,320.498209632432,273.774289413095,357.233835841202,631.958647925088,517.727705860662,1751.58449449566,367.719152266796,1289.29540303674,2044.59617442645,312.222638505566,339.777990675381,284.194006833155,85.9485907006456,1168.57640914889,840.180636215479
358.429236915282,1088.65701692592,1737.0463457881,287.004095845476,239.305959578427,323.910726732315,613.718474748551,577.387839305542,1751.93856622234,388.839771009408,1350.1876847302,2155.24296583028,278.336066015498,307.462628999064,248.107857123467,58.0714650646657,1186.03049367432,898.913050100733
380.630505626184,1148.50257393919,1835.1589530467,237.508679363586,189.288457958935,274.34013674285,575.670755837206,650.407954436159,1722.2456319385,412.974274287629,1418.11662264928,2277.66922206911,228.462914383745,259.279871556284,195.677617283762,12.9332896858654,1182.91462444467,974.286009709251
400.91002610986,1202.86309510799,1924.29032166072,186.068309461535,137.597441794085,222.765827080683,536.57235570652,718.652392438148,1687.94466377351,435.020209644768,1479.45823670931,2387.99819516708,176.6793577832,209.043803368896,141.463292022073,32.0268023287061,1174.79346546382,1046.50553473797
420.24536082748,1253.94215064879,2008.28608936904,130.027325168646,81.6208808839391,166.514855027419,492.408853549793,785.818699755888,1644.09963606839,456.048395979085,1536.86942790591,2490.84156994742,120.325552966823,154.15700230615,82.675583142008,80.6037400671488,1158.0522520102,1120.35723049738
438.223100383222,1300.68016939425,2085.42515422341,71.1384221907563,23.0913378560634,107.379615867771,445.300528190934,849.862598431436,1593.65725337645,475.597731064431,1589.24684109564,2584.02875441792,61.1589262643194,96.3558624399653,21.1117692473073,131.12542616679,1134.09946651118,1194.00659977122
454.782373366004,1342.83514847723,2155.424204958,9.97502647692446,37.4245666413729,45.9512445880393,395.611297882482,910.411044089568,1537.33253336747,493.607809480114,1636.37351046238,2667.12392657408,0.248064896223913,36.2203584583112,42.6661598533272,183.349388600645,1103.03971525523,1267.35132401127
469.778183781181,1379.95865827142,2217.63191482636,52.5494574376088,99.0267949847438,16.840253741199,344.17402045309,966.689194133021,1476.34434679808,509.915496937554,1677.80342014749,2739.31123762736,62.9802605927275,25.3362831693676,107.741750137896,236.6159736844,1065.37450990843,1339.68752610797
483.078904164842,1411.65436071762,2271.48688757886,115.60125600899,160.896194149949,80.1499120979141,291.654281808459,1018.09772621995,1411.66431472351,524.383561649183,1713.13257616036,2799.90717888672,126.202208328788,87.4771705949276,173.282216239198,290.342248546873,1021.55019383171,1410.3495142082
494.550360798123,1437.52085517283,2316.39895655343,178.315951303207,222.186611711136,143.108569194573,238.732580811767,1064.05125125187,1344.21587651971,536.856099783778,1741.93628502575,2848.25067080549,189.049509496802,149.338784211264,238.421620924144,343.883702142465,972.087325219836,1478.54008314263
504.058608326838,1457.17977370486,2351.80336837627,239.839936495977,282.063280131739,204.860472061455,186.042497216788,1104.02840772449,1274.81254759108,547.196522169063,1763.79397805888,2883.72936889192,250.666327046764,210.065030020848,302.303842866977,396.581778225222,917.543957287473,1543.37446547261
511.459946062311,1470.25848708385,2377.10042665311,299.311595499526,339.688853186167,264.551636119956,134.205548973975,1137.54030140545,1204.18588317179,555.242261851336,1778.28452652964,2905.75103115104,310.190020535603,268.798687086101,364.058178267131,447.727722205703,858.540921002711,1603.8568652209
516.63555784562,1476.41459154881,2391.77927050009,355.913919786596,394.26872670679,321.371848830077,83.7764574222688,1164.17259181967,1132.91381166296,560.861929405223,1785.00683453753,2913.85041672979,366.802449521456,324.72602098565,422.854162335014,496.644695412625,795.699664949086,1658.95785849951
519.368472868851,1475.27061954505,2395.08032558694,408.721992838428,444.906614475675,374.414074689451,35.4086994023809,1183.43813804942,1061.66352502874,563.825858274009,1783.48155527019,2907.30836720018,419.576525653002,376.931755042776,477.740386240327,542.440309155284,729.869103012648,1707.35150891996
519.759211633674,1466.70153321732,2387.10308568079,457.270720787512,491.161612959303,423.227932820757,10.750895303642,1195.32771456855,990.358242319242,564.236982083949,1773.58407929856,2886.49189964923,468.046636380591,424.957332092538,528.235899207985,584.8784746953,661.318283002842,1748.42714485372
516.85761604689,1449.72555199944,2365.05724208415,499.508202060821,531.02837014395,465.80160664604,52.7877319398492,1198.20473383818,921.147514110164,561.086635786185,1753.89387010307,2848.31613758669,510.156644415093,466.795410136105,572.184977226183,621.281744251819,592.619950702874,1778.55826461178
513.011313186472,1426.83506663341,2335.83597113993,539.23944030766,568.265480094062,505.913327510937,95.5008723721303,1196.63748003413,847.830706282317,556.850372615584,1727.8800945471,2801.1876109939,549.717409004397,506.165517538256,613.573418913834,657.549847678098,518.345878546375,1804.87593312797
497.442831902144,1376.70110357757,2259.59385414365,544.428143455402,571.499199498893,511.691080409153,99.0930096781964,1155.9941823926,816.465900742825,539.868070958264,1668.5001610981,2700.38592522038,554.646164393968,511.807240707616,618.391481503347,648.798313905996,482.841655989875,1767.69513841929
478.803906891578,1322.28529208736,2173.38383126806,540.878167788533,566.167122847754,508.850015262793,94.8057226778618,1108.47798065178,793.759730091599,519.626884561153,1603.36982390216,2588.90714092939,550.814056908151,508.908762431832,614.00168907059,629.792349935994,457.058479214758,1716.31542341401
460.746185874502,1269.22427564293,2089.39930391075,536.882259719341,560.420153418802,505.611492691447,92.3722824129756,1063.14959465136,768.364170411444,500.008260428711,1539.87709242421,2480.85698281406,546.530514310159,505.569110619111,609.161703686278,612.32592995163,430.042711922281,1666.27941551547
442.555590592113,1216.04630759649,2004.95642115336,530.492815722306,552.351678589339,500.037457046024,89.3123209753485,1017.70290586165,743.06640936949,480.24825865171,1476.17233622965,2373.17793001126,539.842670555962,499.890889199507,601.786264783775,593.559159029965,404.486633755839,1613.77689412951
424.364050155564,1163.17507491817,1920.68094198929,522.317682235435,542.561735928446,492.732985119881,86.2895221620016,972.723698756778,717.136473256366,460.488884816891,1412.76272487032,2266.53459943848,531.361570557633,492.470163773401,592.509400707757,574.238262668744,379.695718516791,1559.84830597011
406.150678973491,1110.48828991841,1836.4416216918,512.308735957419,531.007272608627,483.648052954805,83.138483028961,928.038788096428,690.747102857922,440.706343042612,1349.5092053126,2160.76192423579,521.036479849342,483.263536153538,581.26192927815,554.20763347686,355.827017913496,1504.27058720444
387.915666560552,1058.0436941669,1752.27247964055,500.584659303172,517.80820857805,472.899741537193,79.9106919089355,883.67514627867,663.845021061168,420.905018275574,1286.47693000981,2055.87449767651,508.988406519814,472.390378931082,568.15650644494,533.538947461566,332.825078752598,1447.17765242387
369.66154480862,1005.8269348742,1668.17639426058,487.222001525844,503.040957638882,460.561477519551,76.5999832611664,839.609857851988,636.434117637044,401.080394304664,1223.6464525731,1951.84770290896,495.292211781829,459.927361041745,553.261119304051,512.248930240406,310.681399630169,1388.59252077257
351.382591430585,953.842293490873,1584.15684331531,472.306127823459,486.792344509023,446.717785695402,73.2149630948612,795.832341344892,608.513941983787,381.233025054566,1161.01899201068,1848.65669942415,480.034827439834,445.961765739681,536.648151761875,490.36605755441,289.3738314677,1328.56899772466
333.082036955952,902.08487849083,1500.21760847986,455.920315887973,469.145077002529,431.44802192519,69.7597876919071,752.327505205043,580.084557746822,361.363666801581,1098.59544415455,1746.28081731393,463.299205958903,430.577301204212,518.391209969339,467.917881831613,268.879778692829,1267.18560122524
314.75916760525,850.553649057542,1416.36071555014,438.147601649346,450.181405031434,414.83258460779,66.2392992237967,709.083991845005,551.152403048738,341.471412696827,1036.37267856819,1644.68859693727,445.168696079172,413.856533883102,498.573019783597,444.934998813214,249.176934230111,1204.47612730643
296.411987164519,799.246688076645,1332.5883290695,419.070140475556,429.981820192577,396.950658239324,62.6579229363598,666.090315847756,521.72645564072,321.557551539962,974.344231399655,1543.85682987801,425.724780333985,395.882235113536,477.262959474667,421.443353144633,230.238243393418,1140.50138655513
278.044087048373,748.159362573758,1248.90248264308,398.768761534345,408.626306710674,377.880722209312,59.0195534597227,623.332099282637,491.817325831835,301.620199147634,912.506976549565,1443.74784653025,405.049701034087,376.73489672716,454.541578917786,397.473178939428,212.032462196922,1075.34305576166
259.65406801078,697.283122712976,1165.30188014667,377.324875824783,386.19419276377,357.700141877452,55.3283748283281,580.797898331246,461.439296254074,281.661265029525,850.854284765851,1344.33356839321,383.224745489566,356.494225537274,430.49010522772,373.054840781978,194.528539984401,1009.03644848669
241.242614546742,646.613611693868,1081.78675733314,354.818059390606,362.763072126677,336.486372736062,51.5881005871363,538.473570861871,430.61001974696,261.681186224104,789.379341151417,1245.57815357193,360.329485259081,335.239065890928,405.179681859524,348.215895840206,177.694042615198,941.67488721445
222.810641339015,596.139566075843,998.354337603245,331.327523545553,338.409007967248,314.315382027513,47.8023963790816,496.347378749274,399.349465018672,241.67939247311,728.073700467402,1147.44288517688,336.443989462877,313.047673557178,378.698422364537,322.987360544725,161.4898794434,873.316305616127
204.358061130816,545.853401412075,915.004258483966,306.932369433702,313.207934625623,291.262862874419,43.9747469053532,454.40507810991,367.679898008982,221.658333518948,666.927543664622,1049.88810797561,311.647072881122,289.995991645275,351.124800618859,297.397704984785,145.878693675992,804.022925805755
185.886422523528,495.743861244675,831.732029200271,281.710428281191,287.234627265732,267.403873257687,40.108947446944,412.633111187124,335.626472376015,201.618061854404,605.93193458587,952.874418863435,286.01714353778,266.160133568195,322.548168155674,271.478269148015,130.819424509137,733.873666604751
167.398336494545,445.796966921208,748.532262220639,255.738219243374,260.561116964788,242.812904100714,36.2077378752019,371.016616772138,303.216884091388,181.560155031836,545.074519371535,856.359376677992,259.631017843816,241.614182522456,293.04983955041,245.256759006143,116.270447349631,662.935312193783
148.893430904929,396.002383679725,665.40575333689,229.09507637262,233.262848270743,217.566144772896,32.2769960057396,329.543746263897,270.477541634372,161.487135846811,484.345583052543,760.299105638072,232.568698068269,216.433877734009,262.71816515901,218.767875940759,102.182317643043,591.298653363327
130.371420981551,346.341644358307,582.332604673683,201.848626816895,205.402935949234,191.728575137555,28.3117537515762,288.191720651007,237.448388316101,141.395812648936,423.727288916751,664.6375328752,204.898479400669,190.685026607645,231.636215273812,192.028725227834,88.5204713047754,519.008867507122
111.846292309551,296.812767562731,499.347659139012,174.100304156305,177.077595194655,165.402247381894,24.3432967672003,246.971056397478,204.135170477614,121.301836909673,363.225962292216,569.367704660503,176.722276441646,164.464192779235,199.915547108159,165.10881581071,75.1983448648497,446.206376789885
93.2783667907649,247.358574666944,416.320642920961,145.844047014851,148.277800448636,138.575556155038,20.2861850883149,205.785662367734,170.658779694044,101.163099365435,302.765711541363,474.311000070597,148.03478793827,137.764876340148,167.563159170972,137.914012122463,62.2881828863209,372.787865184682
74.7914824180941,198.095095343365,333.612793649126,117.402674136811,119.315961680547,111.569339345832,16.4181856005875,164.869111330653,136.791800914418,81.1110416889363,242.5272319744,379.810016196695,119.160091923292,110.896914527634,134.941509311023,110.854373174217,49.3652065968745,299.380089868044
56.1061936974143,149.3404160536,251.054428589014,86.7696185105295,88.2883864677403,82.3511678144527,8.71636623594975,122.669653760788,108.447538843431,60.8467809816342,182.642940688847,286.104949130774,88.1065936328802,81.8953929215702,99.8917968314209,79.9185395329565,42.604130389999,222.009230656012
40.3121000058609,107.962795476101,181.071426043045,61.2951678812236,62.4563463532946,58.0876302521443,3.44971930636428,87.4111832713314,82.4790189866503,43.7199254975439,131.870917208055,206.613074014633,62.2701993123028,57.8008381011994,70.6808858880506,54.8765815501533,35.0488654063205,157.491877588178
27.3737027431281,73.7737323500144,123.435571341763,40.8535913502813,41.6932545738028,38.653368430611,0.367124779050393,58.8472587682982,59.1801420414093,29.6886385959524,89.9911819430486,141.049808727227,41.5255303949461,38.4887999710858,47.1865731987038,35.4616694224053,26.9356690845706,105.476881436096
17.1204265956255,46.4483374268919,77.5190342347763,25.0311612625019,25.5910942213266,23.6408053070877,1.06781621659368,36.4750344545691,39.0874313565377,18.5687798473793,56.5793848428094,88.7228110290451,25.4578106814718,23.5584496287387,28.9609510506723,20.9893036940375,18.9174493333637,64.9881501763325
9.40639781621329,25.6972677337089,42.7742068626957,13.4462534438559,13.7744839213146,12.6743192386583,1.33335187030348,19.8510582029924,22.664581114781,10.2025265345266,31.2565399808167,49.0413830608327,13.6843610520506,12.6412343246136,15.5853877325895,10.8449484440999,11.5891264734662,35.1341192376964
4.08125731978756,11.2301764297678,18.6421272528149,5.69202412950601,5.84399569517926,5.3534874541204,0.918562837131174,8.52680778077614,10.3737049262701,4.42678731515244,13.6390398331412,21.4131668903117,5.79702530180565,5.34476229255035,6.61048909394096,4.39171942477296,5.57348979725533,14.9809422957605
0.995502446998905,2.75985139254292,4.56847253080723,1.35159465222621,1.39114874185415,1.26810558406472,0.311182080734509,2.05774700007061,2.66847198932518,1.07981846069057,3.34660172195661,5.25782214783626,1.37764220134135,1.26742942546461,1.57306591547342,0.990754957910093,1.49923453611664,3.58637720139045
0,0,0,9.63944844115775e-29,9.94922403935678e-29,9.01935615574977e-29,2.12854847444906e-29,1.07509519614578e-28,1.48681903162606e-28,0,0,0,9.8341256613874e-29,9.02566647127943e-29,1.12457503178795e-28,4.78824603885173e-29,8.69903713338261e-29,1.85744160274769e-28
