               0.00000       590783.00000 
               0.00635       601696.00000 
               0.01270       612656.00000 
               0.01905       623708.00000 
               0.02540       634900.00000 
               0.03175       646300.00000 
               0.03810       657920.00000 
               0.04445       670017.00000 
               0.05080       681934.00000 
               0.05715       683296.00000 
               0.06350       685516.00000 
               0.06985       687983.00000 
               0.07620       690862.00000 
               0.08255       694105.00000 
               0.08890       697720.00000 
               0.09525       701701.00000 
               0.10160       706046.00000 
               0.10795       710749.00000 
               0.11430       715806.00000 
               0.12065       721212.00000 
               0.12700       726963.00000 
               0.13335       733051.00000 
               0.13970       739472.00000 
               0.14605       746219.00000 
               0.15240       753284.00000 
               0.15875       760660.00000 
               0.16510       768339.00000 
               0.17145       776315.00000 
               0.17780       784568.00000 
               0.18415       793137.00000 
               0.19050       801796.00000 
               0.19685       811468.00000 
               0.20320       818026.00000 
               0.20955       811824.00000 
               0.21590       807191.00000 
               0.22225       801540.00000 
               0.22860       795567.00000 
               0.23495       788998.00000 
               0.24130       781855.00000 
               0.24765       774083.00000 
               0.25400       765661.00000 
               0.26035       756565.00000 
               0.26670       746784.00000 
               0.27305       736306.00000 
               0.27940       725155.00000 
               0.28575       713236.00000 
               0.29210       700979.00000 
               0.29845       686704.00000 
               0.30480       677765.00000 
               0.31115       682645.00000 
               0.31750       684897.00000 
               0.32385       687701.00000 
               0.33020       690158.00000 
               0.33655       692530.00000 
               0.34290       694748.00000 
               0.34925       696839.00000 
               0.35560       698802.00000 
               0.36195       700641.00000 
               0.36829       702362.00000 
               0.37465       703967.00000 
               0.38099       705460.00000 
               0.38734       706846.00000 
               0.39370       708126.00000 
               0.40004       709303.00000 
               0.40640       710381.00000 
               0.41274       711361.00000 
               0.41909       712249.00000 
               0.42545       713031.00000 
               0.43179       713765.00000 
               0.43815       714247.00000 
               0.44449       715245.00000 
               0.45084       713885.00000 
               0.45719       722691.00000 
               0.46354       744167.00000 
               0.46989       763029.00000 
               0.47624       782557.00000 
               0.48259       801760.00000 
               0.48894       821322.00000 
               0.49529       839526.00000 
               0.50164       862606.00000 
               0.50799       862606.00000 
               0.51434       839526.00000 
               0.52069       821322.00000 
               0.52704       801759.00000 
               0.53339       782557.00000 
               0.53974       763028.00000 
               0.54609       744167.00000 
               0.55244       722691.00000 
               0.55879       713885.00000 
               0.56514       715245.00000 
               0.57149       714246.00000 
               0.57784       713764.00000 
               0.58419       713030.00000 
               0.59054       712248.00000 
               0.59689       711360.00000 
               0.60324       710380.00000 
               0.60959       709302.00000 
               0.61594       708124.00000 
               0.62229       706843.00000 
               0.62864       705457.00000 
               0.63499       703963.00000 
               0.64134       702358.00000 
               0.64769       700637.00000 
               0.65404       698796.00000 
               0.66039       696833.00000 
               0.66674       694742.00000 
               0.67309       692522.00000 
               0.67944       690150.00000 
               0.68579       687692.00000 
               0.69214       684887.00000 
               0.69849       682635.00000 
               0.70484       677754.00000 
               0.71119       686691.00000 
               0.71754       700965.00000 
               0.72389       713220.00000 
               0.73024       725136.00000 
               0.73659       736286.00000 
               0.74294       746762.00000 
               0.74929       756541.00000 
               0.75564       765634.00000 
               0.76199       774054.00000 
               0.76834       781823.00000 
               0.77469       788964.00000 
               0.78104       795530.00000 
               0.78739       801500.00000 
               0.79374       807149.00000 
               0.80009       811780.00000 
               0.80644       817979.00000 
               0.81279       811419.00000 
               0.81914       801747.00000 
               0.82549       793087.00000 
               0.83184       784519.00000 
               0.83819       776267.00000 
               0.84454       768292.00000 
               0.85089       760614.00000 
               0.85724       753240.00000 
               0.86359       746177.00000 
               0.86994       739434.00000 
               0.87629       733016.00000 
               0.88264       726932.00000 
               0.88899       721185.00000 
               0.89534       715783.00000 
               0.90169       710731.00000 
               0.90804       706033.00000 
               0.91439       701693.00000 
               0.92074       697716.00000 
               0.92709       694106.00000 
               0.93344       690867.00000 
               0.93979       687992.00000 
               0.94614       685528.00000 
               0.95249       683311.00000 
               0.95884       681951.00000 
               0.96519       670037.00000 
               0.97154       657942.00000 
               0.97789       646325.00000 
               0.98424       634926.00000 
               0.99059       623735.00000 
               0.99694       612682.00000 
               1.00329       601722.00000 
               1.00964       590808.00000 
