               0.00000       154233.00000 
               0.00635       158164.00000 
               0.01270       162105.00000 
               0.01905       166059.00000 
               0.02540       170028.00000 
               0.03175       174020.00000 
               0.03810       178019.00000 
               0.04445       182108.00000 
               0.05080       185979.00000 
               0.05715       185936.00000 
               0.06350       186118.00000 
               0.06985       186268.00000 
               0.07620       186457.00000 
               0.08255       186665.00000 
               0.08890       186898.00000 
               0.09525       187151.00000 
               0.10160       187426.00000 
               0.10795       187722.00000 
               0.11430       188037.00000 
               0.12065       188371.00000 
               0.12700       188723.00000 
               0.13335       189092.00000 
               0.13970       189475.00000 
               0.14605       189873.00000 
               0.15240       190284.00000 
               0.15875       190706.00000 
               0.16510       191137.00000 
               0.17145       191577.00000 
               0.17780       192022.00000 
               0.18415       192479.00000 
               0.19050       192892.00000 
               0.19685       193537.00000 
               0.20320       193060.00000 
               0.20955       188919.00000 
               0.21590       185454.00000 
               0.22225       181764.00000 
               0.22860       178126.00000 
               0.23495       174452.00000 
               0.24130       170763.00000 
               0.24765       167050.00000 
               0.25400       163315.00000 
               0.26035       159553.00000 
               0.26670       155766.00000 
               0.27305       151951.00000 
               0.27940       148114.00000 
               0.28575       144228.00000 
               0.29210       140400.00000 
               0.29845       136213.00000 
               0.30480       133405.00000 
               0.31115       133988.00000 
               0.31750       133977.00000 
               0.32385       134105.00000 
               0.33020       134174.00000 
               0.33655       134237.00000 
               0.34290       134284.00000 
               0.34925       134319.00000 
               0.35560       134341.00000 
               0.36195       134354.00000 
               0.36829       134358.00000 
               0.37465       134354.00000 
               0.38099       134344.00000 
               0.38734       134329.00000 
               0.39370       134309.00000 
               0.40004       134286.00000 
               0.40640       134261.00000 
               0.41274       134235.00000 
               0.41909       134209.00000 
               0.42545       134181.00000 
               0.43179       134164.00000 
               0.43815       134110.00000 
               0.44449       134197.00000 
               0.45084       133788.00000 
               0.45719       135564.00000 
               0.46354       140095.00000 
               0.46989       144089.00000 
               0.47624       148228.00000 
               0.48259       152309.00000 
               0.48894       156475.00000 
               0.49529       160357.00000 
               0.50164       165282.00000 
               0.50799       165282.00000 
               0.51434       160357.00000 
               0.52069       156475.00000 
               0.52704       152309.00000 
               0.53339       148228.00000 
               0.53974       144089.00000 
               0.54609       140095.00000 
               0.55244       135564.00000 
               0.55879       133788.00000 
               0.56514       134197.00000 
               0.57149       134110.00000 
               0.57784       134164.00000 
               0.58419       134181.00000 
               0.59054       134209.00000 
               0.59689       134235.00000 
               0.60324       134261.00000 
               0.60959       134286.00000 
               0.61594       134309.00000 
               0.62229       134329.00000 
               0.62864       134344.00000 
               0.63499       134354.00000 
               0.64134       134358.00000 
               0.64769       134354.00000 
               0.65404       134341.00000 
               0.66039       134319.00000 
               0.66674       134284.00000 
               0.67309       134237.00000 
               0.67944       134174.00000 
               0.68579       134105.00000 
               0.69214       133977.00000 
               0.69849       133988.00000 
               0.70484       133405.00000 
               0.71119       136213.00000 
               0.71754       140400.00000 
               0.72389       144228.00000 
               0.73024       148114.00000 
               0.73659       151951.00000 
               0.74294       155766.00000 
               0.74929       159553.00000 
               0.75564       163315.00000 
               0.76199       167050.00000 
               0.76834       170763.00000 
               0.77469       174452.00000 
               0.78104       178126.00000 
               0.78739       181764.00000 
               0.79374       185454.00000 
               0.80009       188919.00000 
               0.80644       193060.00000 
               0.81279       193537.00000 
               0.81914       192892.00000 
               0.82549       192479.00000 
               0.83184       192022.00000 
               0.83819       191577.00000 
               0.84454       191137.00000 
               0.85089       190706.00000 
               0.85724       190284.00000 
               0.86359       189873.00000 
               0.86994       189475.00000 
               0.87629       189091.00000 
               0.88264       188723.00000 
               0.88899       188371.00000 
               0.89534       188037.00000 
               0.90169       187722.00000 
               0.90804       187426.00000 
               0.91439       187151.00000 
               0.92074       186897.00000 
               0.92709       186665.00000 
               0.93344       186457.00000 
               0.93979       186268.00000 
               0.94614       186118.00000 
               0.95249       185936.00000 
               0.95884       185978.00000 
               0.96519       182107.00000 
               0.97154       178019.00000 
               0.97789       174020.00000 
               0.98424       170027.00000 
               0.99059       166059.00000 
               0.99694       162105.00000 
               1.00329       158164.00000 
               1.00964       154233.00000 
