               0.00000      -525642.00000 
               0.00635      -535752.00000 
               0.01270      -545862.00000 
               0.01905      -555981.00000 
               0.02540      -566113.00000 
               0.03175      -576277.00000 
               0.03810      -586447.00000 
               0.04445      -596765.00000 
               0.05080      -606754.00000 
               0.05715      -606752.00000 
               0.06350      -607135.00000 
               0.06985      -607481.00000 
               0.07620      -607896.00000 
               0.08255      -608348.00000 
               0.08890      -608841.00000 
               0.09525      -609366.00000 
               0.10160      -609920.00000 
               0.10795      -610496.00000 
               0.11430      -611088.00000 
               0.12065      -611689.00000 
               0.12700      -612290.00000 
               0.13335      -612885.00000 
               0.13970      -613464.00000 
               0.14605      -614018.00000 
               0.15240      -614536.00000 
               0.15875      -615008.00000 
               0.16510      -615421.00000 
               0.17145      -615766.00000 
               0.17780      -616016.00000 
               0.18415      -616211.00000 
               0.19050      -616138.00000 
               0.19685      -616486.00000 
               0.20320      -614610.00000 
               0.20955      -602979.00000 
               0.21590      -592266.00000 
               0.22225      -581139.00000 
               0.22860      -569960.00000 
               0.23495      -558656.00000 
               0.24130      -547273.00000 
               0.24765      -535827.00000 
               0.25400      -524349.00000 
               0.26035      -512869.00000 
               0.26670      -501419.00000 
               0.27305      -490031.00000 
               0.27940      -478754.00000 
               0.28575      -467566.00000 
               0.29210      -456739.00000 
               0.29845      -445325.00000 
               0.30480      -437716.00000 
               0.31115      -438204.00000 
               0.31750      -437208.00000 
               0.32385      -436670.00000 
               0.33020      -436023.00000 
               0.33655      -435436.00000 
               0.34290      -434864.00000 
               0.34925      -434324.00000 
               0.35560      -433812.00000 
               0.36195      -433331.00000 
               0.36829      -432883.00000 
               0.37465      -432468.00000 
               0.38099      -432086.00000 
               0.38734      -431737.00000 
               0.39370      -431421.00000 
               0.40004      -431137.00000 
               0.40640      -430884.00000 
               0.41274      -430661.00000 
               0.41909      -430467.00000 
               0.42545      -430296.00000 
               0.43179      -430163.00000 
               0.43815      -429994.00000 
               0.44449      -430086.00000 
               0.45084      -429250.00000 
               0.45719      -432913.00000 
               0.46354      -441946.00000 
               0.46989      -449812.00000 
               0.47624      -458015.00000 
               0.48259      -466110.00000 
               0.48894      -474408.00000 
               0.49529      -482166.00000 
               0.50164      -492055.00000 
               0.50799      -492054.00000 
               0.51434      -482165.00000 
               0.52069      -474405.00000 
               0.52704      -466106.00000 
               0.53339      -458010.00000 
               0.53974      -449807.00000 
               0.54609      -441939.00000 
               0.55244      -432906.00000 
               0.55879      -429242.00000 
               0.56514      -430077.00000 
               0.57149      -429985.00000 
               0.57784      -430153.00000 
               0.58419      -430285.00000 
               0.59054      -430456.00000 
               0.59689      -430651.00000 
               0.60324      -430874.00000 
               0.60959      -431127.00000 
               0.61594      -431411.00000 
               0.62229      -431727.00000 
               0.62864      -432077.00000 
               0.63499      -432460.00000 
               0.64134      -432876.00000 
               0.64769      -433326.00000 
               0.65404      -433808.00000 
               0.66039      -434322.00000 
               0.66674      -434865.00000 
               0.67309      -435439.00000 
               0.67944      -436028.00000 
               0.68579      -436677.00000 
               0.69214      -437219.00000 
               0.69849      -438218.00000 
               0.70484      -437733.00000 
               0.71119      -445346.00000 
               0.71754      -456763.00000 
               0.72389      -467594.00000 
               0.73024      -478784.00000 
               0.73659      -490065.00000 
               0.74294      -501456.00000 
               0.74929      -512909.00000 
               0.75564      -524393.00000 
               0.76199      -535874.00000 
               0.76834      -547322.00000 
               0.77469      -558709.00000 
               0.78104      -570015.00000 
               0.78739      -581196.00000 
               0.79374      -592325.00000 
               0.80009      -603040.00000 
               0.80644      -614672.00000 
               0.81279      -616550.00000 
               0.81914      -616202.00000 
               0.82549      -616275.00000 
               0.83184      -616080.00000 
               0.83819      -615829.00000 
               0.84454      -615476.00000 
               0.85089      -615061.00000 
               0.85724      -614587.00000 
               0.86359      -614066.00000 
               0.86994      -613510.00000 
               0.87629      -612929.00000 
               0.88264      -612331.00000 
               0.88899      -611726.00000 
               0.89534      -611122.00000 
               0.90169      -610527.00000 
               0.90804      -609948.00000 
               0.91439      -609391.00000 
               0.92074      -608863.00000 
               0.92709      -608368.00000 
               0.93344      -607913.00000 
               0.93979      -607495.00000 
               0.94614      -607147.00000 
               0.95249      -606761.00000 
               0.95884      -606761.00000 
               0.96519      -596770.00000 
               0.97154      -586450.00000 
               0.97789      -576279.00000 
               0.98424      -566113.00000 
               0.99059      -555979.00000 
               0.99694      -545860.00000 
               1.00329      -535748.00000 
               1.00964      -525638.00000 
