               0.00000      -369782.00000 
               0.00910      -345380.00000 
               0.01820      -321001.00000 
               0.02731      -296676.00000 
               0.03641      -272449.00000 
               0.04551      -248337.00000 
               0.05461      -224489.00000 
               0.06371      -200591.00000 
               0.07282      -178084.00000 
               0.08192      -180152.00000 
               0.09102      -181596.00000 
               0.10012      -183579.00000 
               0.10922      -185785.00000 
               0.11832      -188294.00000 
               0.12743      -191083.00000 
               0.13653      -194152.00000 
               0.14563      -197498.00000 
               0.15473      -201115.00000 
               0.16383      -204999.00000 
               0.17294      -209146.00000 
               0.18204      -213550.00000 
               0.19114      -218206.00000 
               0.20024      -223108.00000 
               0.20934      -228250.00000 
               0.21845      -233626.00000 
               0.22755      -239230.00000 
               0.23665      -245055.00000 
               0.24575      -251088.00000 
               0.25485      -257351.00000 
               0.26395      -263727.00000 
               0.27306      -270623.00000 
               0.28216      -276452.00000 
               0.29126      -287419.00000 
               0.30036      -319600.00000 
               0.30946      -348698.00000 
               0.31857      -378083.00000 
               0.32767      -406770.00000 
               0.33677      -434974.00000 
               0.34587      -462592.00000 
               0.35497      -489615.00000 
               0.36408      -516015.00000 
               0.37318      -541780.00000 
               0.38228      -566896.00000 
               0.39138      -591371.00000 
               0.40048      -615168.00000 
               0.40959      -638447.00000 
               0.41869      -660641.00000 
               0.42779      -683998.00000 
               0.43689      -699453.00000 
               0.44599      -696794.00000 
               0.45510      -697036.00000 
               0.46420      -696421.00000 
               0.47330      -695985.00000 
               0.48240      -695450.00000 
               0.49150      -694899.00000 
               0.50060      -694317.00000 
               0.50971      -693715.00000 
               0.51881      -693099.00000 
               0.52791      -692473.00000 
               0.53701      -691845.00000 
               0.54611      -691218.00000 
               0.55522      -690600.00000 
               0.56432      -689996.00000 
               0.57342      -689411.00000 
               0.58252      -688849.00000 
               0.59162      -688317.00000 
               0.60073      -687815.00000 
               0.60983      -687363.00000 
               0.61893      -686906.00000 
               0.62803      -686664.00000 
               0.63713      -685832.00000 
               0.64624      -687438.00000 
               0.65534      -678322.00000 
               0.66444      -655941.00000 
               0.67354      -636340.00000 
               0.68264      -616036.00000 
               0.69175      -596051.00000 
               0.70085      -575656.00000 
               0.70995      -556648.00000 
               0.71905      -532507.00000 
               0.72815      -532511.00000 
               0.73725      -556659.00000 
               0.74636      -575675.00000 
               0.75546      -596077.00000 
               0.76456      -616069.00000 
               0.77366      -636380.00000 
               0.78276      -655988.00000 
               0.79187      -678374.00000 
               0.80097      -687496.00000 
               0.81007      -685896.00000 
               0.81917      -686732.00000 
               0.82827      -686977.00000 
               0.83737      -687436.00000 
               0.84648      -687889.00000 
               0.85558      -688389.00000 
               0.86468      -688919.00000 
               0.87378      -689477.00000 
               0.88289      -690057.00000 
               0.89199      -690656.00000 
               0.90109      -691268.00000 
               0.91019      -691889.00000 
               0.91929      -692512.00000 
               0.92839      -693132.00000 
               0.93750      -693743.00000 
               0.94660      -694340.00000 
               0.95570      -694918.00000 
               0.96480      -695465.00000 
               0.97390      -695997.00000 
               0.98301      -696432.00000 
               0.99211      -697044.00000 
               1.00121      -696801.00000 
               1.01031      -699459.00000 
               1.01941      -684003.00000 
               1.02851      -660646.00000 
               1.03762      -638451.00000 
               1.04672      -615172.00000 
               1.05582      -591375.00000 
               1.06492      -566900.00000 
               1.07402      -541784.00000 
               1.08313      -516019.00000 
               1.09223      -489618.00000 
               1.10133      -462595.00000 
               1.11043      -434977.00000 
               1.11953      -406772.00000 
               1.12864      -378085.00000 
               1.13774      -348700.00000 
               1.14684      -319602.00000 
               1.15594      -287421.00000 
               1.16504      -276453.00000 
               1.17415      -270624.00000 
               1.18325      -263728.00000 
               1.19235      -257352.00000 
               1.20145      -251090.00000 
               1.21055      -245056.00000 
               1.21965      -239231.00000 
               1.22876      -233628.00000 
               1.23786      -228252.00000 
               1.24696      -223109.00000 
               1.25606      -218207.00000 
               1.26516      -213552.00000 
               1.27427      -209148.00000 
               1.28337      -205001.00000 
               1.29247      -201118.00000 
               1.30157      -197501.00000 
               1.31067      -194156.00000 
               1.31978      -191087.00000 
               1.32888      -188300.00000 
               1.33798      -185791.00000 
               1.34708      -183586.00000 
               1.35618      -181604.00000 
               1.36529      -180161.00000 
               1.37439      -178094.00000 
               1.38349      -200602.00000 
               1.39259      -224500.00000 
               1.40169      -248350.00000 
               1.41079      -272462.00000 
               1.41990      -296690.00000 
               1.42900      -321016.00000 
               1.43810      -345395.00000 
               1.44720      -369797.00000 
