               0.00000       188075.00000 
               0.00910       210901.00000 
               0.01820       233723.00000 
               0.02731       256539.00000 
               0.03641       279338.00000 
               0.04551       302139.00000 
               0.05461       324845.00000 
               0.06371       347797.00000 
               0.07282       369693.00000 
               0.08192       368814.00000 
               0.09102       368750.00000 
               0.10012       368406.00000 
               0.10922       368074.00000 
               0.11832       367672.00000 
               0.12743       367220.00000 
               0.13653       366708.00000 
               0.14563       366136.00000 
               0.15473       365499.00000 
               0.16383       364795.00000 
               0.17294       364020.00000 
               0.18204       363169.00000 
               0.19114       362240.00000 
               0.20024       361227.00000 
               0.20934       360128.00000 
               0.21845       358937.00000 
               0.22755       357650.00000 
               0.23665       356261.00000 
               0.24575       354773.00000 
               0.25485       353154.00000 
               0.26395       351506.00000 
               0.27306       349416.00000 
               0.28216       348447.00000 
               0.29126       342386.00000 
               0.30036       314997.00000 
               0.30946       290268.00000 
               0.31857       264795.00000 
               0.32767       239548.00000 
               0.33677       214290.00000 
               0.34587       189118.00000 
               0.35497       164036.00000 
               0.36408       139073.00000 
               0.37318       114247.00000 
               0.38228       89581.70000  
               0.39138       65082.80000  
               0.40048       40806.10000  
               0.40959       16606.70000  
               0.41869      -6902.77000   
               0.42779      -32036.40000  
               0.43689      -49266.40000  
               0.44599      -47723.80000  
               0.45510      -49230.50000  
               0.46420      -49848.90000  
               0.47330      -50662.40000  
               0.48240      -51375.40000  
               0.49150      -52070.10000  
               0.50060      -52725.30000  
               0.50971      -53347.90000  
               0.51881      -53936.80000  
               0.52791      -54493.10000  
               0.53701      -55017.30000  
               0.54611      -55509.80000  
               0.55522      -55970.90000  
               0.56432      -56400.90000  
               0.57342      -56800.00000  
               0.58252      -57168.20000  
               0.59162      -57506.70000  
               0.60073      -57811.20000  
               0.60983      -58098.00000  
               0.61893      -58305.90000  
               0.62803      -58664.90000  
               0.63713      -58311.30000  
               0.64624      -60484.90000  
               0.65534      -51069.90000  
               0.66444      -27324.90000  
               0.67354      -6465.81000   
               0.68264       15216.50000  
               0.69175       36604.00000  
               0.70085       58462.00000  
               0.70995       78849.70000  
               0.71905       104751.00000 
               0.72815       104752.00000 
               0.73725       78850.70000  
               0.74636       58463.60000  
               0.75546       36606.30000  
               0.76456       15219.20000  
               0.77366      -6462.55000   
               0.78276      -27321.30000  
               0.79187      -51066.20000  
               0.80097      -60481.10000  
               0.81007      -58307.70000  
               0.81917      -58661.70000  
               0.82827      -58303.20000  
               0.83737      -58096.00000  
               0.84648      -57810.10000  
               0.85558      -57506.70000  
               0.86468      -57169.30000  
               0.87378      -56802.30000  
               0.88289      -56404.20000  
               0.89199      -55975.30000  
               0.90109      -55515.10000  
               0.91019      -55023.40000  
               0.91929      -54499.70000  
               0.92839      -53943.70000  
               0.93750      -53354.80000  
               0.94660      -52732.00000  
               0.95570      -52076.20000  
               0.96480      -51380.70000  
               0.97390      -50666.70000  
               0.98301      -49852.00000  
               0.99211      -49232.40000  
               1.00121      -47724.40000  
               1.01031      -49265.80000  
               1.01941      -32035.00000  
               1.02851      -6900.94000   
               1.03762       16608.70000  
               1.04672       40807.70000  
               1.05582       65083.70000  
               1.06492       89581.40000  
               1.07402       114245.00000 
               1.08313       139069.00000 
               1.09223       164030.00000 
               1.10133       189110.00000 
               1.11043       214279.00000 
               1.11953       239534.00000 
               1.12864       264779.00000 
               1.13774       290250.00000 
               1.14684       314976.00000 
               1.15594       342364.00000 
               1.16504       348424.00000 
               1.17415       349391.00000 
               1.18325       351481.00000 
               1.19235       353129.00000 
               1.20145       354748.00000 
               1.21055       356236.00000 
               1.21965       357625.00000 
               1.22876       358913.00000 
               1.23786       360105.00000 
               1.24696       361205.00000 
               1.25606       362219.00000 
               1.26516       363149.00000 
               1.27427       364000.00000 
               1.28337       364777.00000 
               1.29247       365482.00000 
               1.30157       366120.00000 
               1.31067       366693.00000 
               1.31978       367206.00000 
               1.32888       367659.00000 
               1.33798       368062.00000 
               1.34708       368395.00000 
               1.35618       368740.00000 
               1.36529       368804.00000 
               1.37439       369684.00000 
               1.38349       347789.00000 
               1.39259       324837.00000 
               1.40169       302132.00000 
               1.41079       279331.00000 
               1.41990       256533.00000 
               1.42900       233717.00000 
               1.43810       210895.00000 
               1.44720       188071.00000 
