               0.00000       668851.00000 
               0.01532       705631.00000 
               0.03064       742319.00000 
               0.04596       778826.00000 
               0.06128       815052.00000 
               0.07660       850946.00000 
               0.09192       886277.00000 
               0.10724       921501.00000 
               0.12257       954497.00000 
               0.13789       950158.00000 
               0.15321       946450.00000 
               0.16853       941647.00000 
               0.18385       936207.00000 
               0.19917       930002.00000 
               0.21449       923061.00000 
               0.22981       915369.00000 
               0.24513       906922.00000 
               0.26045       897714.00000 
               0.27577       887736.00000 
               0.29109       876981.00000 
               0.30642       865441.00000 
               0.32174       853105.00000 
               0.33706       839965.00000 
               0.35238       826009.00000 
               0.36770       811226.00000 
               0.38302       795605.00000 
               0.39834       779129.00000 
               0.41366       761799.00000 
               0.42898       743551.00000 
               0.44430       724552.00000 
               0.45962       704103.00000 
               0.47494       684756.00000 
               0.49027       656535.00000 
               0.50559       592012.00000 
               0.52091       530596.00000 
               0.53623       466985.00000 
               0.55155       402695.00000 
               0.56687       337409.00000 
               0.58219       271309.00000 
               0.59751       204451.00000 
               0.61283       136929.00000 
               0.62815       68834.30000  
               0.64347       274.00300    
               0.65879      -68665.90000  
               0.67412      -137792.00000 
               0.68944      -207279.00000 
               0.70476      -275876.00000 
               0.72008      -347662.00000 
               0.73540      -405504.00000 
               0.75072      -428677.00000 
               0.76604      -456487.00000 
               0.78136      -482027.00000 
               0.79668      -507135.00000 
               0.81200      -531285.00000 
               0.82732      -554591.00000 
               0.84264      -576996.00000 
               0.85796      -598487.00000 
               0.87328      -619043.00000 
               0.88861      -638644.00000 
               0.90393      -657271.00000 
               0.91925      -674905.00000 
               0.93457      -691529.00000 
               0.94989      -707127.00000 
               0.96521      -721682.00000 
               0.98053      -735180.00000 
               0.99585      -747608.00000 
               1.01117      -758944.00000 
               1.02649      -769211.00000 
               1.04181      -778272.00000 
               1.05713      -786585.00000 
               1.07245      -792391.00000 
               1.08778      -802233.00000 
               1.10310      -787636.00000 
               1.11842      -742972.00000 
               1.13374      -703169.00000 
               1.14906      -660933.00000 
               1.16438      -618672.00000 
               1.17970      -574995.00000 
               1.19502      -533975.00000 
               1.21034      -481610.00000 
               1.22566      -481615.00000 
               1.24098      -533990.00000 
               1.25630      -575020.00000 
               1.27163      -618705.00000 
               1.28695      -660975.00000 
               1.30227      -703218.00000 
               1.31759      -743026.00000 
               1.33291      -787695.00000 
               1.34823      -802294.00000 
               1.36355      -792450.00000 
               1.37887      -786642.00000 
               1.39419      -778323.00000 
               1.40951      -769256.00000 
               1.42483      -758982.00000 
               1.44015      -747638.00000 
               1.45547      -735203.00000 
               1.47080      -721699.00000 
               1.48612      -707139.00000 
               1.50144      -691537.00000 
               1.51676      -674909.00000 
               1.53208      -657272.00000 
               1.54740      -638644.00000 
               1.56272      -619043.00000 
               1.57804      -598486.00000 
               1.59336      -576994.00000 
               1.60868      -554590.00000 
               1.62400      -531283.00000 
               1.63932      -507133.00000 
               1.65464      -482026.00000 
               1.66997      -456486.00000 
               1.68529      -428676.00000 
               1.70061      -405503.00000 
               1.71593      -347662.00000 
               1.73125      -275875.00000 
               1.74657      -207278.00000 
               1.76189      -137791.00000 
               1.77721      -68665.70000  
               1.79253       274.22600    
               1.80785       68834.60000  
               1.82317       136929.00000 
               1.83849       204451.00000 
               1.85381       271310.00000 
               1.86914       337409.00000 
               1.88446       402695.00000 
               1.89978       466985.00000 
               1.91510       530596.00000 
               1.93042       592012.00000 
               1.94574       656536.00000 
               1.96106       684757.00000 
               1.97638       704103.00000 
               1.99170       724553.00000 
               2.00702       743551.00000 
               2.02234       761800.00000 
               2.03766       779130.00000 
               2.05299       795606.00000 
               2.06831       811227.00000 
               2.08363       826010.00000 
               2.09895       839966.00000 
               2.11427       853107.00000 
               2.12959       865442.00000 
               2.14491       876982.00000 
               2.16023       887737.00000 
               2.17555       897714.00000 
               2.19087       906922.00000 
               2.20619       915368.00000 
               2.22151       923059.00000 
               2.23683       929998.00000 
               2.25216       936201.00000 
               2.26748       941638.00000 
               2.28280       946438.00000 
               2.29812       950143.00000 
               2.31344       954478.00000 
               2.32876       921479.00000 
               2.34408       886252.00000 
               2.35940       850918.00000 
               2.37472       815021.00000 
               2.39004       778794.00000 
               2.40536       742287.00000 
               2.42068       705599.00000 
               2.43600       668819.00000 
