               0.00000       682579.00000 
               0.01532       721848.00000 
               0.03064       761009.00000 
               0.04596       799961.00000 
               0.06128       838589.00000 
               0.07660       876836.00000 
               0.09192       914446.00000 
               0.10724       951906.00000 
               0.12257       986947.00000 
               0.13789       982093.00000 
               0.15321       977863.00000 
               0.16853       972418.00000 
               0.18385       966248.00000 
               0.19917       959217.00000 
               0.21449       951357.00000 
               0.22981       942655.00000 
               0.24513       933109.00000 
               0.26045       922712.00000 
               0.27577       911461.00000 
               0.29109       899349.00000 
               0.30642       886369.00000 
               0.32174       872516.00000 
               0.33706       857783.00000 
               0.35238       842161.00000 
               0.36770       825644.00000 
               0.38302       808223.00000 
               0.39834       789886.00000 
               0.41366       770638.00000 
               0.42898       750417.00000 
               0.44430       729407.00000 
               0.45962       706872.00000 
               0.47494       685519.00000 
               0.49027       654812.00000 
               0.50559       585817.00000 
               0.52091       520147.00000 
               0.53623       452227.00000 
               0.55155       383674.00000 
               0.56687       314168.00000 
               0.58219       243917.00000 
               0.59751       172992.00000 
               0.61283       101506.00000 
               0.62815       29563.50000  
               0.64347      -42713.90000  
               0.65879      -115229.00000 
               0.67412      -187776.00000 
               0.68944      -260534.00000 
               0.70476      -332200.00000 
               0.72008      -407019.00000 
               0.73540      -467188.00000 
               0.75072      -491232.00000 
               0.76604      -519988.00000 
               0.78136      -546302.00000 
               0.79668      -572088.00000 
               0.81200      -596811.00000 
               0.82732      -620601.00000 
               0.84264      -643406.00000 
               0.85796      -665223.00000 
               0.87328      -686038.00000 
               0.88861      -705839.00000 
               0.90393      -724613.00000 
               0.91925      -742350.00000 
               0.93457      -759038.00000 
               0.94989      -774666.00000 
               0.96521      -789224.00000 
               0.98053      -802702.00000 
               0.99585      -815094.00000 
               1.01117      -826381.00000 
               1.02649      -836592.00000 
               1.04181      -845589.00000 
               1.05713      -853848.00000 
               1.07245      -859569.00000 
               1.08778      -869455.00000 
               1.10310      -854359.00000 
               1.11842      -808532.00000 
               1.13374      -767717.00000 
               1.14906      -724441.00000 
               1.16438      -681164.00000 
               1.17970      -636455.00000 
               1.19502      -594475.00000 
               1.21034      -540894.00000 
               1.22566      -540893.00000 
               1.24098      -594474.00000 
               1.25630      -636453.00000 
               1.27163      -681162.00000 
               1.28695      -724440.00000 
               1.30227      -767717.00000 
               1.31759      -808536.00000 
               1.33291      -854367.00000 
               1.34823      -869468.00000 
               1.36355      -859589.00000 
               1.37887      -853876.00000 
               1.39419      -845623.00000 
               1.40951      -836631.00000 
               1.42483      -826423.00000 
               1.44015      -815136.00000 
               1.45547      -802743.00000 
               1.47080      -789261.00000 
               1.48612      -774697.00000 
               1.50144      -759063.00000 
               1.51676      -742369.00000 
               1.53208      -724627.00000 
               1.54740      -705847.00000 
               1.56272      -686041.00000 
               1.57804      -665222.00000 
               1.59336      -643400.00000 
               1.60868      -620591.00000 
               1.62400      -596798.00000 
               1.63932      -572071.00000 
               1.65464      -546283.00000 
               1.66997      -519968.00000 
               1.68529      -491212.00000 
               1.70061      -467168.00000 
               1.71593      -407001.00000 
               1.73125      -332182.00000 
               1.74657      -260518.00000 
               1.76189      -187762.00000 
               1.77721      -115216.00000 
               1.79253      -42701.90000  
               1.80785       29574.30000  
               1.82317       101515.00000 
               1.83849       173001.00000 
               1.85381       243925.00000 
               1.86914       314175.00000 
               1.88446       383680.00000 
               1.89978       452232.00000 
               1.91510       520150.00000 
               1.93042       585818.00000 
               1.94574       654812.00000 
               1.96106       685518.00000 
               1.97638       706869.00000 
               1.99170       729403.00000 
               2.00702       750412.00000 
               2.02234       770631.00000 
               2.03766       789878.00000 
               2.05299       808214.00000 
               2.06831       825634.00000 
               2.08363       842151.00000 
               2.09895       857773.00000 
               2.11427       872507.00000 
               2.12959       886362.00000 
               2.14491       899344.00000 
               2.16023       911459.00000 
               2.17555       922713.00000 
               2.19087       933113.00000 
               2.20619       942662.00000 
               2.22151       951366.00000 
               2.23683       959227.00000 
               2.25216       966257.00000 
               2.26748       972426.00000 
               2.28280       977869.00000 
               2.29812       982096.00000 
               2.31344       986948.00000 
               2.32876       951905.00000 
               2.34408       914443.00000 
               2.35940       876831.00000 
               2.37472       838583.00000 
               2.39004       799954.00000 
               2.40536       761002.00000 
               2.42068       721840.00000 
               2.43600       682572.00000 
