               0.00000       671419.00000 
               0.00402       705911.00000 
               0.00803       740441.00000 
               0.01205       775032.00000 
               0.01606       809698.00000 
               0.02008       844509.00000 
               0.02410       879344.00000 
               0.02811       914827.00000 
               0.03213       948761.00000 
               0.03614       948433.00000 
               0.04016       949745.00000 
               0.04418       950823.00000 
               0.04819       952175.00000 
               0.05221       953653.00000 
               0.05622       955290.00000 
               0.06024       957066.00000 
               0.06426       958975.00000 
               0.06827       961009.00000 
               0.07229       963156.00000 
               0.07630       965406.00000 
               0.08032       967748.00000 
               0.08434       970170.00000 
               0.08835       972660.00000 
               0.09237       975204.00000 
               0.09638       977788.00000 
               0.10040       980398.00000 
               0.10442       983017.00000 
               0.10843       985637.00000 
               0.11245       988209.00000 
               0.11646       990854.00000 
               0.12048       992961.00000 
               0.12450       997004.00000 
               0.12851       992263.00000 
               0.13253       953899.00000 
               0.13654       920149.00000 
               0.14056       884609.00000 
               0.14458       849161.00000 
               0.14859       813267.00000 
               0.15261       777104.00000 
               0.15663       740649.00000 
               0.16064       703943.00000 
               0.16466       667012.00000 
               0.16867       629898.00000 
               0.17269       592622.00000 
               0.17671       555282.00000 
               0.18072       517677.00000 
               0.18474       480805.00000 
               0.18875       440914.00000 
               0.19277       413933.00000 
               0.19679       417832.00000 
               0.20080       416490.00000 
               0.20482       416624.00000 
               0.20883       416362.00000 
               0.21285       416223.00000 
               0.21687       416063.00000 
               0.22088       415923.00000 
               0.22490       415791.00000 
               0.22891       415670.00000 
               0.23293       415560.00000 
               0.23695       415459.00000 
               0.24096       415368.00000 
               0.24498       415287.00000 
               0.24899       415215.00000 
               0.25301       415151.00000 
               0.25703       415096.00000 
               0.26104       415046.00000 
               0.26506       415010.00000 
               0.26908       414957.00000 
               0.27309       414993.00000 
               0.27711       414723.00000 
               0.28112       415619.00000 
               0.28514       412191.00000 
               0.28915       428206.00000 
               0.29317       468367.00000 
               0.29719       503645.00000 
               0.30120       540258.00000 
               0.30522       576345.00000 
               0.30923       613195.00000 
               0.31325       647548.00000 
               0.31727       691170.00000 
               0.32128       691170.00000 
               0.32530       647548.00000 
               0.32932       613195.00000 
               0.33333       576345.00000 
               0.33735       540258.00000 
               0.34136       503645.00000 
               0.34538       468366.00000 
               0.34940       428206.00000 
               0.35341       412191.00000 
               0.35743       415619.00000 
               0.36144       414723.00000 
               0.36546       414993.00000 
               0.36948       414957.00000 
               0.37349       415009.00000 
               0.37751       415046.00000 
               0.38152       415096.00000 
               0.38554       415151.00000 
               0.38956       415215.00000 
               0.39357       415287.00000 
               0.39759       415368.00000 
               0.40160       415459.00000 
               0.40562       415559.00000 
               0.40964       415670.00000 
               0.41365       415790.00000 
               0.41767       415922.00000 
               0.42168       416063.00000 
               0.42570       416222.00000 
               0.42972       416361.00000 
               0.43373       416623.00000 
               0.43775       416489.00000 
               0.44177       417831.00000 
               0.44578       413932.00000 
               0.44980       440913.00000 
               0.45381       480804.00000 
               0.45783       517676.00000 
               0.46185       555281.00000 
               0.46586       592620.00000 
               0.46988       629897.00000 
               0.47389       667011.00000 
               0.47791       703941.00000 
               0.48192       740647.00000 
               0.48594       777102.00000 
               0.48996       813265.00000 
               0.49397       849159.00000 
               0.49799       884607.00000 
               0.50201       920146.00000 
               0.50602       953896.00000 
               0.51004       992260.00000 
               0.51405       997000.00000 
               0.51807       992957.00000 
               0.52209       990849.00000 
               0.52610       988204.00000 
               0.53012       985632.00000 
               0.53413       983011.00000 
               0.53815       980391.00000 
               0.54217       977781.00000 
               0.54618       975196.00000 
               0.55020       972652.00000 
               0.55421       970162.00000 
               0.55823       967739.00000 
               0.56225       965397.00000 
               0.56626       963146.00000 
               0.57028       960998.00000 
               0.57429       958964.00000 
               0.57831       957054.00000 
               0.58233       955277.00000 
               0.58634       953640.00000 
               0.59036       952161.00000 
               0.59437       950808.00000 
               0.59839       949729.00000 
               0.60241       948417.00000 
               0.60642       948744.00000 
               0.61044       914809.00000 
               0.61445       879326.00000 
               0.61847       844492.00000 
               0.62249       809681.00000 
               0.62650       775015.00000 
               0.63052       740425.00000 
               0.63453       705895.00000 
               0.63855       671404.00000 
