               0.00000       102700.00000 
               0.00910       81368.20000  
               0.01820       60046.00000  
               0.02731       38736.80000  
               0.03641       17449.20000  
               0.04551      -3838.55000   
               0.05461      -25046.30000  
               0.06371      -46483.90000  
               0.07282      -67018.20000  
               0.08192      -66301.80000  
               0.09102      -66324.00000  
               0.10012      -66117.50000  
               0.10922      -65940.20000  
               0.11832      -65723.30000  
               0.12743      -65485.00000  
               0.13653      -65220.50000  
               0.14563      -64930.90000  
               0.15473      -64615.60000  
               0.16383      -64274.50000  
               0.17294      -63907.30000  
               0.18204      -63513.60000  
               0.19114      -63093.00000  
               0.20024      -62644.90000  
               0.20934      -62168.70000  
               0.21845      -61663.40000  
               0.22755      -61129.00000  
               0.23665      -60562.00000  
               0.24575      -59969.80000  
               0.25485      -59320.20000  
               0.26395      -58724.70000  
               0.27306      -57770.90000  
               0.28216      -57951.30000  
               0.29126      -53667.40000  
               0.30036      -28616.90000  
               0.30946      -5645.97000   
               0.31857       18141.20000  
               0.32767       41984.40000  
               0.33677       66069.10000  
               0.34587       90331.90000  
               0.35497       114770.00000 
               0.36408       139362.00000 
               0.37318       164090.00000 
               0.38228       188927.00000 
               0.39138       213864.00000 
               0.40048       238827.00000 
               0.40959       263974.00000 
               0.41869       288612.00000 
               0.42779       315144.00000 
               0.43689       334145.00000 
               0.44599       333815.00000 
               0.45510       336257.00000 
               0.46420       337830.00000 
               0.47330       339486.00000 
               0.48240       340983.00000 
               0.49150       342390.00000 
               0.50060       343694.00000 
               0.50971       344903.00000 
               0.51881       346021.00000 
               0.52791       347051.00000 
               0.53701       348000.00000 
               0.54611       348869.00000 
               0.55522       349663.00000 
               0.56432       350386.00000 
               0.57342       351042.00000 
               0.58252       351633.00000 
               0.59162       352164.00000 
               0.60073       352633.00000 
               0.60983       353061.00000 
               0.61893       353383.00000 
               0.62803       353851.00000 
               0.63713       353543.00000 
               0.64624       355892.00000 
               0.65534       346089.00000 
               0.66444       321165.00000 
               0.67354       299233.00000 
               0.68264       276444.00000 
               0.69175       253962.00000 
               0.70085       230994.00000 
               0.70995       209578.00000 
               0.71905       182384.00000 
               0.72815       182387.00000 
               0.73725       209589.00000 
               0.74636       231011.00000 
               0.75546       253985.00000 
               0.76456       276473.00000 
               0.77366       299267.00000 
               0.78276       321203.00000 
               0.79187       346131.00000 
               0.80097       355937.00000 
               0.81007       353589.00000 
               0.81917       353898.00000 
               0.82827       353429.00000 
               0.83737       353105.00000 
               0.84648       352673.00000 
               0.85558       352200.00000 
               0.86468       351663.00000 
               0.87378       351066.00000 
               0.88289       350404.00000 
               0.89199       349673.00000 
               0.90109       348871.00000 
               0.91019       347994.00000 
               0.91929       347038.00000 
               0.92839       346000.00000 
               0.93750       344875.00000 
               0.94660       343660.00000 
               0.95570       342351.00000 
               0.96480       340941.00000 
               0.97390       339440.00000 
               0.98301       337781.00000 
               0.99211       336207.00000 
               1.00121       333765.00000 
               1.01031       334096.00000 
               1.01941       315097.00000 
               1.02851       288568.00000 
               1.03762       263933.00000 
               1.04672       238789.00000 
               1.05582       213831.00000 
               1.06492       188897.00000 
               1.07402       164064.00000 
               1.08313       139340.00000 
               1.09223       114752.00000 
               1.10133       90316.60000  
               1.11043       66056.70000  
               1.11953       41974.40000  
               1.12864       18133.40000  
               1.13774      -5652.03000   
               1.14684      -28621.50000  
               1.15594      -53670.90000  
               1.16504      -57954.00000  
               1.17415      -57772.90000  
               1.18325      -58726.30000  
               1.19235      -59321.50000  
               1.20145      -59970.80000  
               1.21055      -60562.90000  
               1.21965      -61129.90000  
               1.22876      -61664.30000  
               1.23786      -62169.50000  
               1.24696      -62645.70000  
               1.25606      -63093.80000  
               1.26516      -63514.50000  
               1.27427      -63908.10000  
               1.28337      -64275.30000  
               1.29247      -64616.40000  
               1.30157      -64931.70000  
               1.31067      -65221.30000  
               1.31978      -65485.80000  
               1.32888      -65724.10000  
               1.33798      -65940.90000  
               1.34708      -66118.20000  
               1.35618      -66324.70000  
               1.36529      -66302.40000  
               1.37439      -67018.80000  
               1.38349      -46484.50000  
               1.39259      -25046.70000  
               1.40169      -3838.97000   
               1.41079       17448.80000  
               1.41990       38736.50000  
               1.42900       60045.70000  
               1.43810       81367.90000  
               1.44720       102700.00000 
