               0.00000       655542.00000 
               0.01532       692216.00000 
               0.03064       728799.00000 
               0.04596       765201.00000 
               0.06128       801323.00000 
               0.07660       837117.00000 
               0.09192       872350.00000 
               0.10724       907480.00000 
               0.12257       940394.00000 
               0.13789       936082.00000 
               0.15321       932402.00000 
               0.16853       927634.00000 
               0.18385       922233.00000 
               0.19917       916072.00000 
               0.21449       909179.00000 
               0.22981       901540.00000 
               0.24513       893149.00000 
               0.26045       884001.00000 
               0.27577       874087.00000 
               0.29109       863398.00000 
               0.30642       851928.00000 
               0.32174       839665.00000 
               0.33706       826599.00000 
               0.35238       812721.00000 
               0.36770       798017.00000 
               0.38302       782477.00000 
               0.39834       766085.00000 
               0.41366       748839.00000 
               0.42898       730677.00000 
               0.44430       711765.00000 
               0.45962       691405.00000 
               0.47494       672145.00000 
               0.49027       644024.00000 
               0.50559       579657.00000 
               0.52091       518381.00000 
               0.53623       454905.00000 
               0.55155       390743.00000 
               0.56687       325577.00000 
               0.58219       259593.00000 
               0.59751       192844.00000 
               0.61283       125428.00000 
               0.62815       57435.70000  
               0.64347      -11025.30000  
               0.65879      -79868.20000  
               0.67412      -148899.00000 
               0.68944      -218291.00000 
               0.70476      -286795.00000 
               0.72008      -358486.00000 
               0.73540      -416248.00000 
               0.75072      -439381.00000 
               0.76604      -467142.00000 
               0.78136      -492634.00000 
               0.79668      -517693.00000 
               0.81200      -541793.00000 
               0.82732      -565050.00000 
               0.84264      -587406.00000 
               0.85796      -608849.00000 
               0.87328      -629357.00000 
               0.88861      -648911.00000 
               0.90393      -667493.00000 
               0.91925      -685084.00000 
               0.93457      -701667.00000 
               0.94989      -717226.00000 
               0.96521      -731744.00000 
               0.98053      -745207.00000 
               0.99585      -757602.00000 
               1.01117      -768909.00000 
               1.02649      -779149.00000 
               1.04181      -788186.00000 
               1.05713      -796478.00000 
               1.07245      -802266.00000 
               1.08778      -812089.00000 
               1.10310      -797502.00000 
               1.11842      -752884.00000 
               1.13374      -713124.00000 
               1.14906      -670934.00000 
               1.16438      -628721.00000 
               1.17970      -585095.00000 
               1.19502      -544123.00000 
               1.21034      -491820.00000 
               1.22566      -491826.00000 
               1.24098      -544141.00000 
               1.25630      -585123.00000 
               1.27163      -628758.00000 
               1.28695      -670978.00000 
               1.30227      -713171.00000 
               1.31759      -752932.00000 
               1.33291      -797550.00000 
               1.34823      -812136.00000 
               1.36355      -802310.00000 
               1.37887      -796518.00000 
               1.39419      -788222.00000 
               1.40951      -779181.00000 
               1.42483      -768937.00000 
               1.44015      -757627.00000 
               1.45547      -745228.00000 
               1.47080      -731763.00000 
               1.48612      -717242.00000 
               1.50144      -701682.00000 
               1.51676      -685097.00000 
               1.53208      -667505.00000 
               1.54740      -648922.00000 
               1.56272      -629366.00000 
               1.57804      -608857.00000 
               1.59336      -587413.00000 
               1.60868      -565057.00000 
               1.62400      -541800.00000 
               1.63932      -517698.00000 
               1.65464      -492639.00000 
               1.66997      -467147.00000 
               1.68529      -439385.00000 
               1.70061      -416251.00000 
               1.71593      -358489.00000 
               1.73125      -286798.00000 
               1.74657      -218293.00000 
               1.76189      -148901.00000 
               1.77721      -79870.10000  
               1.79253      -11027.00000  
               1.80785       57434.20000  
               1.82317       125427.00000 
               1.83849       192843.00000 
               1.85381       259592.00000 
               1.86914       325576.00000 
               1.88446       390741.00000 
               1.89978       454904.00000 
               1.91510       518380.00000 
               1.93042       579655.00000 
               1.94574       644022.00000 
               1.96106       672142.00000 
               1.97638       691402.00000 
               1.99170       711762.00000 
               2.00702       730673.00000 
               2.02234       748834.00000 
               2.03766       766079.00000 
               2.05299       782470.00000 
               2.06831       798009.00000 
               2.08363       812711.00000 
               2.09895       826588.00000 
               2.11427       839652.00000 
               2.12959       851914.00000 
               2.14491       863383.00000 
               2.16023       874070.00000 
               2.17555       883983.00000 
               2.19087       893130.00000 
               2.20619       901520.00000 
               2.22151       909160.00000 
               2.23683       916054.00000 
               2.25216       922218.00000 
               2.26748       927622.00000 
               2.28280       932396.00000 
               2.29812       936082.00000 
               2.31344       940401.00000 
               2.32876       907496.00000 
               2.34408       872375.00000 
               2.35940       837149.00000 
               2.37472       801362.00000 
               2.39004       765243.00000 
               2.40536       728842.00000 
               2.42068       692258.00000 
               2.43600       655579.00000 
