               0.00000       577440.00000 
               0.01532       608052.00000 
               0.03064       638602.00000 
               0.04596       669031.00000 
               0.06128       699273.00000 
               0.07660       729305.00000 
               0.09192       758953.00000 
               0.10724       788619.00000 
               0.12257       816556.00000 
               0.13789       813514.00000 
               0.15321       811118.00000 
               0.16853       807925.00000 
               0.18385       804313.00000 
               0.19917       800168.00000 
               0.21449       795510.00000 
               0.22981       790318.00000 
               0.24513       784582.00000 
               0.26045       778288.00000 
               0.27577       771422.00000 
               0.29109       763967.00000 
               0.30642       755908.00000 
               0.32174       747225.00000 
               0.33706       737900.00000 
               0.35238       727914.00000 
               0.36770       717246.00000 
               0.38302       705873.00000 
               0.39834       693771.00000 
               0.41366       680928.00000 
               0.42898       667276.00000 
               0.44430       652947.00000 
               0.45962       637326.00000 
               0.47494       622602.00000 
               0.49027       600129.00000 
               0.50559       546043.00000 
               0.52091       494413.00000 
               0.53623       440614.00000 
               0.55155       385951.00000 
               0.56687       330136.00000 
               0.58219       273319.00000 
               0.59751       215544.00000 
               0.61283       156895.00000 
               0.62815       97453.60000  
               0.64347       37319.50000  
               0.65879      -23422.70000  
               0.67412      -84590.30000  
               0.68944      -146326.00000 
               0.70476      -207499.00000 
               0.72008      -271739.00000 
               0.73540      -323679.00000 
               0.75072      -344647.00000 
               0.76604      -369848.00000 
               0.78136      -393071.00000 
               0.79668      -415956.00000 
               0.81200      -438024.00000 
               0.82732      -459367.00000 
               0.84264      -479928.00000 
               0.85796      -499687.00000 
               0.87328      -518620.00000 
               0.88861      -536701.00000 
               0.90393      -553910.00000 
               0.91925      -570222.00000 
               0.93457      -585620.00000 
               0.94989      -600082.00000 
               0.96521      -613591.00000 
               0.98053      -626130.00000 
               0.99585      -637684.00000 
               1.01117      -648231.00000 
               1.02649      -657788.00000 
               1.04181      -666229.00000 
               1.05713      -673970.00000 
               1.07245      -679404.00000 
               1.08778      -688503.00000 
               1.10310      -675263.00000 
               1.11842      -634537.00000 
               1.13374      -598228.00000 
               1.14906      -559677.00000 
               1.16438      -521089.00000 
               1.17970      -481196.00000 
               1.19502      -443722.00000 
               1.21034      -395879.00000 
               1.22566      -395880.00000 
               1.24098      -443724.00000 
               1.25630      -481199.00000 
               1.27163      -521094.00000 
               1.28695      -559686.00000 
               1.30227      -598240.00000 
               1.31759      -634554.00000 
               1.33291      -675286.00000 
               1.34823      -688533.00000 
               1.36355      -679441.00000 
               1.37887      -674014.00000 
               1.39419      -666277.00000 
               1.40951      -657837.00000 
               1.42483      -648277.00000 
               1.44015      -637723.00000 
               1.45547      -626159.00000 
               1.47080      -613608.00000 
               1.48612      -600085.00000 
               1.50144      -585610.00000 
               1.51676      -570202.00000 
               1.53208      -553880.00000 
               1.54740      -536666.00000 
               1.56272      -518581.00000 
               1.57804      -499649.00000 
               1.59336      -479891.00000 
               1.60868      -459335.00000 
               1.62400      -437997.00000 
               1.63932      -415936.00000 
               1.65464      -393056.00000 
               1.66997      -369840.00000 
               1.68529      -344644.00000 
               1.70061      -323680.00000 
               1.71593      -271744.00000 
               1.73125      -207505.00000 
               1.74657      -146332.00000 
               1.76189      -84595.10000  
               1.77721      -23425.90000  
               1.79253       37318.30000  
               1.80785       97454.40000  
               1.82317       156898.00000 
               1.83849       215549.00000 
               1.85381       273325.00000 
               1.86914       330143.00000 
               1.88446       385959.00000 
               1.89978       440622.00000 
               1.91510       494422.00000 
               1.93042       546051.00000 
               1.94574       600138.00000 
               1.96106       622611.00000 
               1.97638       637334.00000 
               1.99170       652956.00000 
               2.00702       667285.00000 
               2.02234       680936.00000 
               2.03766       693779.00000 
               2.05299       705880.00000 
               2.06831       717251.00000 
               2.08363       727918.00000 
               2.09895       737902.00000 
               2.11427       747224.00000 
               2.12959       755903.00000 
               2.14491       763958.00000 
               2.16023       771408.00000 
               2.17555       778270.00000 
               2.19087       784559.00000 
               2.20619       790291.00000 
               2.22151       795481.00000 
               2.23683       800138.00000 
               2.25216       804283.00000 
               2.26748       807896.00000 
               2.28280       811091.00000 
               2.29812       813490.00000 
               2.31344       816536.00000 
               2.32876       788602.00000 
               2.34408       758939.00000 
               2.35940       729294.00000 
               2.37472       699264.00000 
               2.39004       669024.00000 
               2.40536       638596.00000 
               2.42068       608048.00000 
               2.43600       577436.00000 
