               0.00000       703574.00000 
               0.01532       744966.00000 
               0.03064       786231.00000 
               0.04596       827243.00000 
               0.06128       867859.00000 
               0.07660       907994.00000 
               0.09192       947349.00000 
               0.10724       986401.00000 
               0.12257       1022740.00000 
               0.13789       1016920.00000 
               0.15321       1011610.00000 
               0.16853       1004890.00000 
               0.18385       997279.00000 
               0.19917       988644.00000 
               0.21449       979033.00000 
               0.22981       968443.00000 
               0.24513       956885.00000 
               0.26045       944367.00000 
               0.27577       930900.00000 
               0.29109       916490.00000 
               0.30642       901149.00000 
               0.32174       884885.00000 
               0.33706       867707.00000 
               0.35238       849624.00000 
               0.36770       830645.00000 
               0.38302       810778.00000 
               0.39834       790029.00000 
               0.41366       768419.00000 
               0.42898       745902.00000 
               0.44430       722682.00000 
               0.45962       698033.00000 
               0.47494       674693.00000 
               0.49027       642158.00000 
               0.50559       571603.00000 
               0.52091       504774.00000 
               0.53623       436161.00000 
               0.55155       367362.00000 
               0.56687       298069.00000 
               0.58219       228482.00000 
               0.59751       158663.00000 
               0.61283       88708.40000  
               0.62815       18705.20000  
               0.64347      -51250.20000  
               0.65879      -121088.00000 
               0.67412      -190634.00000 
               0.68944      -260094.00000 
               0.70476      -328237.00000 
               0.72008      -399188.00000 
               0.73540      -455919.00000 
               0.75072      -477942.00000 
               0.76604      -504436.00000 
               0.78136      -528595.00000 
               0.79668      -552243.00000 
               0.81200      -574882.00000 
               0.82732      -596638.00000 
               0.84264      -617470.00000 
               0.85796      -637380.00000 
               0.87328      -656357.00000 
               0.88861      -674397.00000 
               0.90393      -691491.00000 
               0.91925      -707632.00000 
               0.93457      -722814.00000 
               0.94989      -737028.00000 
               0.96521      -750267.00000 
               0.98053      -762524.00000 
               0.99585      -773793.00000 
               1.01117      -784059.00000 
               1.02649      -793348.00000 
               1.04181      -801532.00000 
               1.05713      -809057.00000 
               1.07245      -814230.00000 
               1.08778      -823351.00000 
               1.10310      -809048.00000 
               1.11842      -765919.00000 
               1.13374      -727526.00000 
               1.14906      -686850.00000 
               1.16438      -646192.00000 
               1.17970      -604207.00000 
               1.19502      -564794.00000 
               1.21034      -514499.00000 
               1.22566      -514500.00000 
               1.24098      -564798.00000 
               1.25630      -604213.00000 
               1.27163      -646201.00000 
               1.28695      -686861.00000 
               1.30227      -727539.00000 
               1.31759      -765933.00000 
               1.33291      -809063.00000 
               1.34823      -823366.00000 
               1.36355      -814245.00000 
               1.37887      -809070.00000 
               1.39419      -801543.00000 
               1.40951      -793356.00000 
               1.42483      -784063.00000 
               1.44015      -773791.00000 
               1.45547      -762515.00000 
               1.47080      -750251.00000 
               1.48612      -737003.00000 
               1.50144      -722780.00000 
               1.51676      -707590.00000 
               1.53208      -691440.00000 
               1.54740      -674340.00000 
               1.56272      -656296.00000 
               1.57804      -637317.00000 
               1.59336      -617409.00000 
               1.60868      -596583.00000 
               1.62400      -574835.00000 
               1.63932      -552206.00000 
               1.65464      -528571.00000 
               1.66997      -504425.00000 
               1.68529      -477943.00000 
               1.70061      -455932.00000 
               1.71593      -399211.00000 
               1.73125      -328268.00000 
               1.74657      -260128.00000 
               1.76189      -190671.00000 
               1.77721      -121124.00000 
               1.79253      -51284.20000  
               1.80785       18674.80000  
               1.82317       88682.50000  
               1.83849       158642.00000 
               1.85381       228466.00000 
               1.86914       298058.00000 
               1.88446       367354.00000 
               1.89978       436156.00000 
               1.91510       504772.00000 
               1.93042       571603.00000 
               1.94574       642160.00000 
               1.96106       674696.00000 
               1.97638       698036.00000 
               1.99170       722686.00000 
               2.00702       745906.00000 
               2.02234       768423.00000 
               2.03766       790034.00000 
               2.05299       810784.00000 
               2.06831       830651.00000 
               2.08363       849632.00000 
               2.09895       867716.00000 
               2.11427       884895.00000 
               2.12959       901160.00000 
               2.14491       916502.00000 
               2.16023       930911.00000 
               2.17555       944379.00000 
               2.19087       956896.00000 
               2.20619       968453.00000 
               2.22151       979041.00000 
               2.23683       988651.00000 
               2.25216       997284.00000 
               2.26748       1004890.00000 
               2.28280       1011620.00000 
               2.29812       1016920.00000 
               2.31344       1022740.00000 
               2.32876       986402.00000 
               2.34408       947349.00000 
               2.35940       907994.00000 
               2.37472       867860.00000 
               2.39004       827243.00000 
               2.40536       786231.00000 
               2.42068       744967.00000 
               2.43600       703575.00000 
