0 80.4774054039912
0.00404146111907659 80.477916791112
0.00808292223815318 80.4814964488604
0.0121243833572298 80.4912122032919
0.0161658444763064 80.5101304306356
0.0202073055953829 80.5413143895898
0.0242487667144595 80.5878218996558
0.0282902278335361 80.6527023848873
0.0323316889526127 80.7389928039375
0.0363731500716893 80.8490372142369
0.0404146111907659 80.9831523723576
0.0444560723098425 81.1412712186675
0.0484975334289191 81.3233156483203
0.0525389945479956 81.529197017043
0.0565804556670722 81.7588167177264
0.0606219167861488 82.0120668253269
0.0646633779052254 82.2888308074102
0.068704839024302 82.5889842975432
0.0727463001433786 82.9123959286674
0.0767877612624552 83.2589282235797
0.0808292223815318 83.6284385396967
0.0848706835006083 84.0207800653924
0.0889121446196849 84.4358028653824
0.0929536057387615 84.8733549728743
0.0969950668578381 85.3332835265253
0.101036527976915 85.8154359506352
0.105077989095991 86.3196611774671
0.109119450215068 86.845810911132
0.113160911334144 87.3937409330881
0.117202372453221 87.9633124500176
0.121243833572298 88.5543934856389
0.125285294691374 89.1668603189102
0.129326755810451 89.8005679562603
0.133368216929527 90.4541806309217
0.137409678048604 91.1248310503787
0.141451139167681 91.8095911618455
0.145492600286757 92.5055754850348
0.149534061405834 93.2099385838023
0.15357552252491 93.9198717716285
0.157616983643987 94.6325991753901
0.161658444763064 95.3453732834415
0.16569990588214 96.0554701044718
0.169741367001217 96.7601840632973
0.173782828120293 97.4568227589483
0.17782428923937 98.1427017092635
0.181865750358446 98.8151392047243
0.185907211477523 99.4714513923565
0.1899486725966 100.108947707935
0.193990133715676 100.725028662759
0.198031594834753 101.31860460791
0.202073055953829 101.889741585169
0.206114517072906 102.438518319392
0.210155978191983 102.964997507658
0.214197439311059 103.469227252416
0.218238900430136 103.95124244228
0.222280361549212 104.411066084289
0.226321822668289 104.84871059051
0.230363283787366 105.264179020981
0.234404744906442 105.657466284174
0.238446206025519 106.028560295423
0.242487667144595 106.377443093051
0.246529128263672 106.704091911337
0.250570589382749 107.008480208898
0.254612050501825 107.290578650561
0.258653511620902 107.550356040441
0.262694972739978 107.787780203545
0.266736433859055 108.002818813029
0.270777894978131 108.195440160006
0.274819356097208 108.365613862767
0.278860817216285 108.513311512231
0.282902278335361 108.638507250515
0.286943739454438 108.741178279688
0.290985200573514 108.82165247464
0.295026661692591 108.882139934091
0.299068122811668 108.92548795625
0.303109583930744 108.954548534924
0.307151045049821 108.972176666612
0.311192506168897 108.981229310472
0.315233967287974 108.984564556732
0.31927542840705 108.985041023196
