0 80.4774054039915
0.00401604312461699 80.4779072028728
0.00803208624923397 80.4814197448811
0.012048129373851 80.4909533450823
0.0160641724984679 80.5095169225471
0.0200802156230849 80.540116394468
0.0240962587477019 80.5857524403275
0.0281123018723189 80.6494176544159
0.0321283449969359 80.7340930536955
0.0361443881215529 80.8421650230981
0.0401604312461699 80.9740093405861
0.0441764743707869 81.129560864929
0.0481925174954038 81.3087436561311
0.0522085606200208 81.5114714609082
0.0562246037446378 81.7376482664965
0.0602406468692548 81.9871689204203
0.0642566899938718 82.2599198136853
0.0682727331184888 82.5557796247198
0.0722887762431058 82.8746201213334
0.0763048193677228 83.2163070179396
0.0803208624923397 83.5807008853301
0.0843369056169567 83.9676581103965
0.0883529487415737 84.3770319033514
0.0923689918661907 84.8086733502406
0.0963850349908077 85.2624325088287
0.100401078115425 85.7381595462889
0.104417121240042 86.2357059175875
0.108433164364659 86.7549255839259
0.112449207489276 87.2956762712008
0.116465250613893 87.8578207690936
0.12048129373851 88.4412282721509
0.124497336863127 89.0457757650417
0.128513379987744 89.6713456487031
0.132529423112361 90.3170263375458
0.136545466236978 90.9801366115944
0.140561509361595 91.6577942816051
0.144577552486212 92.3471590905683
0.148593595610829 93.045430440297
0.152609638735446 93.7498443542781
0.156625681860063 94.457669795329
0.160641724984679 95.1662044584162
0.164657768109296 95.872770159608
0.168673811233913 96.5747079419996
0.17268985435853 97.2693730187779
0.176705897483147 97.9541296725813
0.180721940607764 98.6263462289912
0.184737983732381 99.2833902202992
0.188754026856998 99.9226238534462
0.192770069981615 100.541412391722
0.196786113106232 101.138074837547
0.200802156230849 101.712552323813
0.204818199355466 102.264927288953
0.208834242480083 102.795266092456
0.2128502856047 103.303620420532
0.216866328729317 103.79002864
0.220882371853934 104.254517104349
0.224898414978551 104.697101415001
0.228914458103168 105.117787639995
0.232930501227785 105.516573491449
0.236946544352402 105.893449462483
0.240962587477019 106.248399923576
0.244978630601636 106.581404177745
0.248994673726253 106.892437473343
0.25301071685087 107.18147197285
0.257026759975487 107.448477675548
0.261042803100104 107.693423291694
0.265058846224721 107.916277065464
0.269074889349338 108.11700754382
0.273090932473955 108.29558428827
0.277106975598572 108.451978526497
0.281123018723189 108.586163740841
0.285139061847806 108.698116190739
0.289155104972423 108.787857945678
0.29317114809704 108.856669160772
0.297187191221657 108.907264176462
0.301203234346274 108.942439758499
0.305219277470891 108.964996133318
0.309235320595508 108.977735895311
0.313251363720125 108.983463102076
0.317267406844742 108.98498258154
0.321283449969359 108.98498258154
0.325299493093976 108.983463102076
0.329315536218593 108.977735895311
0.33333157934321 108.964996133318
0.337347622467827 108.942439758499
0.341363665592444 108.907264176462
0.345379708717061 108.856669160772
0.349395751841678 108.787857945678
0.353411794966295 108.698116190739
0.357427838090912 108.586163740841
0.361443881215529 108.451978526497
0.365459924340146 108.29558428827
0.369475967464763 108.11700754382
0.37349201058938 107.916277065464
0.377508053713997 107.693423291694
0.381524096838614 107.448477675548
0.385540139963231 107.18147197285
0.389556183087848 106.892437473343
0.393572226212465 106.581404177745
0.397588269337082 106.248399923576
0.401604312461699 105.893449462483
0.405620355586316 105.516573491449
0.409636398710933 105.117787639995
0.41365244183555 104.697101415001
0.417668484960167 104.254517104349
0.421684528084784 103.79002864
0.425700571209401 103.303620420532
0.429716614334018 102.795266092456
0.433732657458635 102.264927288953
0.437748700583252 101.712552323812
0.441764743707869 101.138074837547
0.445780786832486 100.541412391722
0.449796829957103 99.9226238534462
0.45381287308172 99.2833902202992
0.457828916206337 98.6263462289912
0.461844959330954 97.9541296725813
0.46586100245557 97.2693730187779
0.469877045580188 96.5747079419996
0.473893088704805 95.872770159608
0.477909131829421 95.1662044584162
0.481925174954038 94.457669795329
0.485941218078655 93.7498443542781
0.489957261203272 93.045430440297
0.493973304327889 92.3471590905683
0.497989347452506 91.6577942816051
0.502005390577123 90.9801366115944
0.50602143370174 90.3170263375458
0.510037476826357 89.6713456487031
0.514053519950974 89.0457757650417
0.518069563075591 88.4412282721509
0.522085606200208 87.8578207690936
0.526101649324825 87.2956762712008
0.530117692449442 86.7549255839259
0.534133735574059 86.2357059175875
0.538149778698676 85.7381595462889
0.542165821823293 85.2624325088287
0.54618186494791 84.8086733502406
0.550197908072527 84.3770319033514
0.554213951197144 83.9676581103965
0.558229994321761 83.5807008853301
0.562246037446378 83.2163070179396
0.566262080570995 82.8746201213334
0.570278123695612 82.5557796247198
0.574294166820229 82.2599198136853
0.578310209944846 81.9871689204203
0.582326253069463 81.7376482664965
0.58634229619408 81.5114714609082
0.590358339318697 81.3087436561311
0.594374382443314 81.129560864929
0.598390425567931 80.9740093405861
0.602406468692548 80.8421650230981
0.606422511817165 80.7340930536955
0.610438554941782 80.6494176544159
0.614454598066399 80.5857524403275
0.618470641191016 80.540116394468
0.622486684315633 80.5095169225471
0.62650272744025 80.4909533450823
0.630518770564867 80.4814197448811
0.634534813689484 80.4779072028728
0.638550856814101 80.4774054039915
