0 -103.277627857045
0.00634992172762456 -103.277106384027
0.0126998434552491 -103.273456140733
0.0190497651828737 -103.263548935742
0.0253996869104982 -103.244258465501
0.0317496086381228 -103.212462486416
0.0380995303657473 -103.165045840056
0.0444494520933719 -103.098904308236
0.0507993738209964 -103.010949325528
0.057149295548621 -102.898714686121
0.0634992172762456 -102.761827044704
0.0698491390038701 -102.60037469749
0.0761990607314947 -102.414460671911
0.0825489824591192 -102.204202118649
0.0888989041867438 -101.969729621194
0.0952488259143683 -101.711186427136
0.101598747641993 -101.428727605696
0.107948669369617 -101.122519136318
0.114298591097242 -100.792736933263
0.120648512824867 -100.439565811259
0.126998434552491 -100.063198397282
0.133348356280116 -99.6638339934559
0.13969827800774 -99.2416773958952
0.146048199735365 -98.7969376741109
0.152398121462989 -98.3298269152472
0.158748043190614 -97.8405589370567
0.165097964918238 -97.3293479730392
0.171447886645863 -96.7964073326505
0.177797808373488 -96.2419480388724
0.184147730101112 -95.6661774447804
0.190497651828737 -95.0692978299927
0.196847573556361 -94.4515049771084
0.203197495283986 -93.8129906101891
0.20954741701161 -93.1547568536252
0.215897338739235 -92.4796038140268
0.222247260466859 -91.790523598208
0.228597182194484 -91.0904518694745
0.234947103922109 -90.3822699540131
0.241297025649733 -89.6688078499797
0.247646947377358 -88.9528479938929
0.253996869104982 -88.2371296411605
0.260346790832607 -87.5243537214322
0.266696712560231 -86.8171880342934
0.273046634287856 -86.1182726563828
0.27939655601548 -85.4302254368666
0.285746477743105 -84.7556474643897
0.29209639947073 -84.0971283949415
0.298446321198354 -83.457251536774
0.304796242925979 -82.8385861067704
0.311146164653603 -82.2427391921978
0.317496086381228 -81.669695576665
0.323846008108852 -81.1193017137905
0.330195929836477 -80.5914229864849
0.336545851564101 -80.0859421476593
0.342895773291726 -79.6027578440218
0.349245695019351 -79.1417832162766
0.355595616746975 -78.702944570141
0.3619455384746 -78.2861801135911
0.368295460202224 -77.891438756637
0.374645381929849 -77.5186789707527
0.380995303657473 -77.16786770578
0.387345225385098 -76.8389793628108
0.393695147112722 -76.5319948220866
0.400045068840347 -76.2469005254905
0.406394990567972 -75.9836876136143
0.412744912295596 -75.742351117766
0.419094834023221 -75.5228892075789
0.425444755750845 -75.3253024951297
0.43179467747847 -75.1495933966358
0.438144599206094 -74.9957655529403
0.444494520933719 -74.8638233100472
0.450844442661343 -74.7537712609702
0.457194364388968 -74.6655720067928
0.463544286116593 -74.5979550825986
0.469894207844217 -74.548244599764
0.476244129571842 -74.5136871794737
0.482594051299466 -74.4915285839349
0.488943973027091 -74.4790139638826
0.495293894754715 -74.4733880828651
0.50164381648234 -74.4718954977319
0.507993738209965 -74.4718954977319
0.514343659937589 -74.4733880828651
0.520693581665214 -74.4790139638826
0.527043503392838 -74.4915285839349
0.533393425120463 -74.5136871794737
0.539743346848087 -74.548244599764
0.546093268575712 -74.5979550825986
0.552443190303336 -74.6655720067928
0.558793112030961 -74.7537712609702
0.565143033758585 -74.8638233100472
0.57149295548621 -74.9957655529403
0.577842877213835 -75.1495933966358
0.584192798941459 -75.3253024951297
0.590542720669084 -75.5228892075789
0.596892642396708 -75.742351117766
0.603242564124333 -75.9836876136143
0.609592485851957 -76.2469005254905
0.615942407579582 -76.5319948220866
0.622292329307207 -76.8389793628108
0.628642251034831 -77.16786770578
0.634992172762456 -77.5186789707527
0.64134209449008 -77.891438756637
0.647692016217705 -78.2861801135911
0.654041937945329 -78.702944570141
0.660391859672954 -79.1417832162766
0.666741781400578 -79.6027578440218
0.673091703128203 -80.0859421476593
0.679441624855827 -80.5914229864849
0.685791546583452 -81.1193017137905
0.692141468311077 -81.669695576665
0.698491390038701 -82.2427391921978
0.704841311766326 -82.8385861067704
0.71119123349395 -83.457251536774
0.717541155221575 -84.0971283949415
0.723891076949199 -84.7556474643897
0.730240998676824 -85.4302254368666
0.736590920404449 -86.1182726563828
0.742940842132073 -86.8171880342934
0.749290763859698 -87.5243537214322
0.755640685587322 -88.2371296411605
0.761990607314947 -88.9528479938929
0.768340529042571 -89.6688078499797
0.774690450770196 -90.3822699540131
0.78104037249782 -91.0904518694745
0.787390294225445 -91.790523598208
0.79374021595307 -92.4796038140268
0.800090137680694 -93.1547568536252
0.806440059408319 -93.8129906101891
0.812789981135943 -94.4515049771084
0.819139902863568 -95.0692978299927
0.825489824591192 -95.6661774447804
0.831839746318817 -96.2419480388724
0.838189668046441 -96.7964073326505
0.844539589774066 -97.3293479730392
0.850889511501691 -97.8405589370567
0.857239433229315 -98.3298269152472
0.86358935495694 -98.7969376741109
0.869939276684564 -99.2416773958952
0.876289198412189 -99.6638339934559
0.882639120139813 -100.063198397282
0.888989041867438 -100.439565811259
0.895338963595062 -100.792736933263
0.901688885322687 -101.122519136318
0.908038807050312 -101.428727605696
0.914388728777936 -101.711186427136
0.920738650505561 -101.969729621194
0.927088572233185 -102.204202118649
0.93343849396081 -102.414460671911
0.939788415688434 -102.60037469749
0.946138337416059 -102.761827044704
0.952488259143683 -102.898714686121
0.958838180871308 -103.010949325528
0.965188102598933 -103.098904308236
0.971538024326557 -103.165045840056
0.977887946054182 -103.212462486416
0.984237867781806 -103.244258465501
0.990587789509431 -103.263548935742
0.996937711237055 -103.273456140733
1.00328763296468 -103.277106384027
1.0096375546923 -103.277627857045
