0 -77.3953388733465
0.00404146111907659 -77.3948693142865
0.00808292223815318 -77.3915824066185
0.0121243833572298 -77.38266085074
0.0161658444763064 -77.3652875061036
0.0202073055953829 -77.3366455705177
0.0242487667144595 -77.2939188204392
0.0282902278335361 -77.2342918963419
0.0323316889526127 -77.1549510767468
0.0363731500716893 -77.0537070147624
0.0404146111907659 -76.9302225338502
0.0444560723098425 -76.7845032190848
0.0484975334289191 -76.6165547913767
0.0525389945479956 -76.4263826727095
0.0565804556670722 -76.2139914823989
0.0606219167861488 -75.9793844630374
0.0646633779052254 -75.7225628344612
0.068704839024302 -75.4435250736764
0.0727463001433786 -75.142266118217
0.0767877612624552 -74.81877648985
0.0808292223815318 -74.4730413348887
0.0848706835006083 -74.1050393766053
0.0889121446196849 -73.7147417743247
0.0929536057387615 -73.3021108827154
0.0969950668578381 -72.8670989035412
0.101036527976915 -72.4096464206617
0.105077989095991 -71.9296808073389
0.109119450215068 -71.4271144928605
0.113160911334144 -70.9018430730805
0.117202372453221 -70.3537432466145
0.121243833572298 -69.7826705550343
0.125285294691374 -69.1884569013538
0.129326755810451 -68.5709381076091
0.133368216929527 -67.9311006606638
0.137409678048604 -67.2714448778977
0.141451139167681 -66.5945667916168
0.145492600286757 -65.9030610495873
0.149534061405834 -65.199526571649
0.15357552252491 -64.4865728389075
0.157616983643987 -63.7668267419671
0.161658444763064 -63.0429398995852
0.16569990588214 -62.3175963419433
0.169741367001217 -61.5935204328688
0.173782828120293 -60.8734848823299
0.17782428923937 -60.1603186740391
0.181865750358446 -59.4569147030049
0.185907211477523 -58.7662368846527
0.1899486725966 -58.0913264615181
0.193990133715676 -57.4351983595814
0.198031594834753 -56.7993136172237
0.202073055953829 -56.1839140422546
0.206114517072906 -55.5892279947088
0.210155978191983 -55.0155009818289
0.214197439311059 -54.4629940830421
0.218238900430136 -53.9319822668254
0.222280361549212 -53.4227525935623
0.226321822668289 -52.9356023007172
0.230363283787366 -52.4708367692183
0.234404744906442 -52.028767372825
0.238446206025519 -51.6097092154528
0.242487667144595 -51.2139787648911
0.246529128263672 -50.8418913950233
0.250570589382749 -50.4937588524629
0.254612050501825 -50.1698866673498
0.258653511620902 -49.8705715318016
0.262694972739978 -49.5960986730351
0.266736433859055 -49.3467392513255
0.270777894978131 -49.1227478156089
0.274819356097208 -48.9243598514942
0.278860817216285 -48.7517894576135
0.282902278335361 -48.6052271864784
0.286943739454438 -48.4848380852377
0.290985200573514 -48.3903521089262
0.295026661692591 -48.3192605465276
0.299068122811668 -48.2682747971243
0.303109583930744 -48.2340758851697
0.307151045049821 -48.2133237909535
0.311192506168897 -48.202664813815
0.315233967287974 -48.1987373948198
0.31927542840705 -48.1981763161679
