0 54.9949964975874
0.00401604312461699 54.9956387378614
0.00803208624923397 55.0001342765588
0.012048129373851 55.0123351898974
0.0160641724984679 55.0360895680874
0.0200802156230849 55.0752369294366
0.0240962587477019 55.1336018338829
0.0281123018723189 55.2149857456873
0.0321283449969359 55.3231571452712
0.0361443881215529 55.4611013641439
0.0401604312461699 55.6292133691732
0.0441764743707869 55.8273067995405
0.0481925174954038 56.0551642047164
0.0522085606200208 56.3125383090836
0.0562246037446378 56.5991534334542
0.0602406468692548 56.9147070592419
0.0642566899938718 57.2588715201037
0.0682727331184888 57.6312958051807
0.0722887762431058 58.031607457677
0.0763048193677228 58.4594145524099
0.0803208624923397 58.9143077360987
0.0843369056169567 59.3958623145645
0.0883529487415737 59.9036403716126
0.0923689918661907 60.4371929051807
0.0963850349908077 60.9960619673117
0.100401078115425 61.5797827956012
0.104417121240042 62.1878859250023
0.108433164364659 62.8198992701442
0.112449207489276 63.4753501696779
0.116465250613893 64.1537673855241
0.12048129373851 64.8546830512824
0.124497336863127 65.5776345654246
0.128513379987744 66.32216190693
0.132529423112361 67.0868633606356
0.136545466236978 67.8682727958615
0.140561509361595 68.6627487563563
0.144577552486212 69.4667652580952
0.148593595610829 70.2769093241546
0.152609638735446 71.0898769945312
0.156625681860063 71.9024680776047
0.160641724984679 72.7115798910825
0.164657768109296 73.5142002191492
0.168673811233913 74.307399690398
0.17268985435853 75.0883237587671
0.176705897483147 75.8541844477939
0.180721940607764 76.6022519973878
0.184737983732381 77.3298465321748
0.188754026856998 78.0343298513686
0.192770069981615 78.7131111010974
0.196786113106232 79.3646785233821
0.200802156230849 79.9892981366908
0.204818199355466 80.5873749584109
0.208834242480083 81.1592810276575
0.2128502856047 81.7053578544676
0.216866328729317 82.225918669975
0.220882371853934 82.7212504965579
0.224898414978551 83.191616054476
0.228914458103168 83.6372555193863
0.232930501227785 84.0583881432382
0.236946544352402 84.4552137494444
0.240962587477019 84.827914111777
0.244978630601636 85.1766542252097
0.248994673726253 85.501583475815
0.25301071685087 85.8028367158866
0.257026759975487 86.0805352495892
0.261042803100104 86.3347877337207
0.265058846224721 86.5656909974989
0.269074889349338 86.7733307847355
0.273090932473955 86.9577824212357
0.277106975598572 87.1191114098419
0.281123018723189 87.257373955148
0.285139061847806 87.3726174195586
0.289155104972423 87.4649244931374
0.29317114809704 87.535658833996
0.297187191221657 87.5876435670635
0.301203234346274 87.6237731936288
0.305219277470891 87.6469361098143
0.309235320595508 87.6600166345066
0.313251363720125 87.6658966067052
0.317267406844742 87.6674565718933
0.321283449969359 87.6674565718933
0.325299493093976 87.6658966067052
0.329315536218593 87.6600166345066
0.33333157934321 87.6469361098143
0.337347622467827 87.6237731936288
0.341363665592444 87.5876435670635
0.345379708717061 87.535658833996
0.349395751841678 87.4649244931374
0.353411794966295 87.3726174195586
0.357427838090912 87.257373955148
0.361443881215529 87.1191114098419
0.365459924340146 86.9577824212357
0.369475967464763 86.7733307847355
0.37349201058938 86.5656909974989
0.377508053713997 86.3347877337207
0.381524096838614 86.0805352495892
0.385540139963231 85.8028367158866
0.389556183087848 85.501583475815
0.393572226212465 85.1766542252097
0.397588269337082 84.827914111777
0.401604312461699 84.4552137494444
0.405620355586316 84.0583881432382
0.409636398710933 83.6372555193863
0.41365244183555 83.191616054476
0.417668484960167 82.7212504965573
0.421684528084784 82.225918669975
0.425700571209401 81.7053578544676
0.429716614334018 81.1592810276575
0.433732657458635 80.5873749584109
0.437748700583252 79.9892981366908
0.441764743707869 79.3646785233821
0.445780786832486 78.7131111010974
0.449796829957103 78.0343298513686
0.45381287308172 77.3298465321748
0.457828916206337 76.6022519973878
0.461844959330954 75.8541844477939
0.46586100245557 75.0883237587671
0.469877045580188 74.307399690398
0.473893088704805 73.5142002191492
0.477909131829421 72.7115798910825
0.481925174954038 71.9024680776047
0.485941218078655 71.0898769945312
0.489957261203272 70.2769093241546
0.493973304327889 69.4667652580952
0.497989347452506 68.6627487563563
0.502005390577123 67.8682727958615
0.50602143370174 67.0868633606356
0.510037476826357 66.32216190693
0.514053519950974 65.5776345654246
0.518069563075591 64.8546830512824
0.522085606200208 64.1537673855241
0.526101649324825 63.4753501696779
0.530117692449442 62.8198992701442
0.534133735574059 62.1878859250023
0.538149778698676 61.5797827956012
0.542165821823293 60.9960619673117
0.54618186494791 60.4371929051807
0.550197908072527 59.9036403716126
0.554213951197144 59.3958623145645
0.558229994321761 58.9143077360987
0.562246037446378 58.4594145524099
0.566262080570995 58.031607457677
0.570278123695612 57.6312958051807
0.574294166820229 57.2588715201037
0.578310209944846 56.9147070592419
0.582326253069463 56.5991534334542
0.58634229619408 56.3125383090836
0.590358339318697 56.0551642047164
0.594374382443314 55.8273067995405
0.598390425567931 55.6292133691732
0.602406468692548 55.4611013641439
0.606422511817165 55.3231571452712
0.610438554941782 55.2149857456873
0.614454598066399 55.1336018338829
0.618470641191016 55.0752369294366
0.622486684315633 55.0360895680874
0.62650272744025 55.0123351898974
0.630518770564867 55.0001342765588
0.634534813689484 54.9956387378614
0.638550856814101 54.9949964975874
