0 -96.2316701484689
0.00634992172762456 -96.2311801138236
0.0126998434552491 -96.2277499108827
0.0190497651828737 -96.2184397090509
0.0253996869104982 -96.2003107789577
0.0317496086381228 -96.1704267587727
0.0380995303657473 -96.1258554160802
0.0444494520933719 -96.0636708891
0.0507993738209964 -95.9809564421582
0.057149295548621 -95.8753733667297
0.0634992172762456 -95.7465443416909
0.0698491390038701 -95.594520522956
0.0761990607314947 -95.4193614437291
0.0825489824591192 -95.2211345807944
0.0888989041867438 -94.9999148582144
0.0952488259143683 -94.7557840899407
0.101598747641993 -94.4888303628811
0.107948669369617 -94.1991473620511
0.114298591097242 -93.8868336394093
0.120648512824867 -93.5519918279269
0.126998434552491 -93.194727802363
0.133348356280116 -92.8151497880285
0.13969827800774 -92.4133674186384
0.146048199735365 -91.9894907440496
0.152398121462989 -91.5436291883627
0.158748043190614 -91.0758904584381
0.165097964918238 -90.586379402392
0.171447886645863 -90.0751968170846
0.177797808373488 -89.5424382029249
0.184147730101112 -88.9881924635936
0.190497651828737 -88.4125405473928
0.196847573556361 -87.8155540259605
0.203197495283986 -87.1972973684639
0.20954741701161 -86.5586189404967
0.215897338739235 -85.9021208179048
0.222247260466859 -85.2306118615192
0.228597182194484 -84.5468681761204
0.234947103922109 -83.8536356938174
0.241297025649733 -83.1536334435939
0.247646947377358 -82.4495574020007
0.253996869104982 -81.7440848158052
0.260346790832607 -81.0398788840164
0.266696712560231 -80.3395936838162
0.273046634287856 -79.6458792222993
0.27939655601548 -78.9613864934873
0.285746477743105 -78.2887724178104
0.29209639947073 -77.6307045393224
0.298446321198354 -76.989865354576
0.304796242925979 -76.3689435990874
0.311146164653603 -75.7696785331167
0.317496086381228 -75.1921829958779
0.323846008108852 -74.6364265928991
0.330195929836477 -74.1023936247242
0.336545851564101 -73.5900817291777
0.342895773291726 -73.0995005547038
0.349245695019351 -72.6306704621107
0.355595616746975 -72.1836212530091
0.3619455384746 -71.7583909240726
0.368295460202224 -71.3550244471213
0.374645381929849 -70.9735725757926
0.380995303657473 -70.6140906803353
0.387345225385098 -70.2766376127373
0.393695147112722 -69.9612746050429
0.400045068840347 -69.6680642042693
0.406394990567972 -69.3970692478206
0.412744912295596 -69.1483518837089
0.419094834023221 -68.9219726401876
0.425444755750845 -68.7179895496377
0.43179467747847 -68.5364573316388
0.438144599206094 -68.3774266401771
0.444494520933719 -68.2409433798319
0.450844442661343 -68.1270480955788
0.457194364388968 -68.0357321108167
0.463544286116593 -67.9657036423216
0.469894207844217 -67.9142079617333
0.476244129571842 -67.8784033758813
0.482594051299466 -67.855442429972
0.488943973027091 -67.8424737454031
0.495293894754715 -67.8366435262967
0.50164381648234 -67.8350967063853
0.507993738209965 -67.8350967063853
0.514343659937589 -67.8366435262967
0.520693581665214 -67.8424737454031
0.527043503392838 -67.855442429972
0.533393425120463 -67.8784033758813
0.539743346848087 -67.9142079617333
0.546093268575712 -67.9657036423216
0.552443190303336 -68.0357321108167
0.558793112030961 -68.1270480955788
0.565143033758585 -68.2409433798319
0.57149295548621 -68.3774266401771
0.577842877213835 -68.5364573316388
0.584192798941459 -68.7179895496377
0.590542720669084 -68.9219726401876
0.596892642396708 -69.1483518837089
0.603242564124333 -69.3970692478206
0.609592485851957 -69.6680642042693
0.615942407579582 -69.9612746050429
0.622292329307207 -70.2766376127373
0.628642251034831 -70.6140906803353
0.634992172762456 -70.9735725757926
0.64134209449008 -71.3550244471213
0.647692016217705 -71.7583909240726
0.654041937945329 -72.1836212530091
0.660391859672954 -72.6306704621107
0.666741781400578 -73.0995005547038
0.673091703128203 -73.5900817291777
0.679441624855827 -74.1023936247242
0.685791546583452 -74.6364265928991
0.692141468311077 -75.1921829958779
0.698491390038701 -75.7696785331167
0.704841311766326 -76.3689435990879
0.71119123349395 -76.989865354576
0.717541155221575 -77.6307045393224
0.723891076949199 -78.2887724178104
0.730240998676824 -78.9613864934873
0.736590920404449 -79.6458792222993
0.742940842132073 -80.3395936838162
0.749290763859698 -81.0398788840164
0.755640685587322 -81.7440848158052
0.761990607314947 -82.4495574020007
0.768340529042571 -83.1536334435939
0.774690450770196 -83.8536356938174
0.78104037249782 -84.5468681761204
0.787390294225445 -85.2306118615192
0.79374021595307 -85.9021208179048
0.800090137680694 -86.5586189404967
0.806440059408319 -87.1972973684639
0.812789981135943 -87.8155540259605
0.819139902863568 -88.4125405473928
0.825489824591192 -88.9881924635936
0.831839746318817 -89.5424382029249
0.838189668046441 -90.0751968170846
0.844539589774066 -90.586379402392
0.850889511501691 -91.0758904584381
0.857239433229315 -91.5436291883627
0.86358935495694 -91.9894907440496
0.869939276684564 -92.4133674186384
0.876289198412189 -92.8151497880285
0.882639120139813 -93.194727802363
0.888989041867438 -93.5519918279269
0.895338963595062 -93.8868336394093
0.901688885322687 -94.1991473620511
0.908038807050312 -94.4888303628811
0.914388728777936 -94.7557840899407
0.920738650505561 -94.9999148582144
0.927088572233185 -95.2211345807944
0.93343849396081 -95.4193614437291
0.939788415688434 -95.594520522956
0.946138337416059 -95.7465443416909
0.952488259143683 -95.8753733667297
0.958838180871308 -95.9809564421582
0.965188102598933 -96.0636708891
0.971538024326557 -96.1258554160802
0.977887946054182 -96.1704267587727
0.984237867781806 -96.2003107789577
0.990587789509431 -96.2184397090509
0.996937711237055 -96.2277499108827
1.00328763296468 -96.2311801138236
1.0096375546923 -96.2316701484689
