0 93.061356931527
0.00915950955137048 93.0609463203036
0.018319019102741 93.0580720205632
0.0274785286541114 93.0502701629816
0.0366380382054819 93.0350762876426
0.0457975477568524 93.0100246601422
0.0549570573082229 92.9726473079255
0.0641165668595933 92.9204727676552
0.0732760764109638 92.8510249396553
0.0824355859623343 92.7623664147583
0.0915950955137048 92.6541737690326
0.100754605065075 92.5264174970478
0.109914114616446 92.379062274875
0.119073624167816 92.2120667099969
0.128233133719187 92.0253830521552
0.137392643270557 91.8189568646939
0.146552152821928 91.5927266558506
0.155711662373298 91.3466234693288
0.164871171924669 91.0805704333417
0.174030681476039 90.794482267159
0.18319019102741 90.488264743999
0.19234970057878 90.1618141088993
0.20150921013015 89.8150164499546
0.210668719681521 89.4477470210392
0.219828229232891 89.0598695138175
0.228987738784262 88.6512352765009
0.238147248335632 88.2216824764095
0.247306757887003 87.7710352029584
0.256466267438373 87.2991025071837
0.265625776989744 86.8056773733646
0.274785286541114 86.2905356176636
0.283944796092485 85.7534347079917
0.293104305643855 85.1941399612338
0.302263815195226 84.6134679419376
0.311423324746596 84.0136290931705
0.320582834297967 83.3969491278825
0.329742343849337 82.7657815333767
0.338901853400708 82.1225124379025
0.348061362952078 81.4695654358612
0.357220872503449 80.8094063055879
0.366380382054819 80.144547544916
0.37553989160619 79.4775526412416
0.38469940115756 78.8110399846224
0.39385891070893 78.1476863246855
0.403018420260301 77.4902296649501
0.412177929811671 76.8414714818584
0.421337439363042 76.2042781506739
0.430496948914412 75.5815814568796
0.439656458465783 74.9762776748985
0.448815968017153 74.3898140524081
0.457975477568524 73.8224966250096
0.467134987119894 73.2746029445088
0.476294496671265 72.746410624733
0.485454006222635 72.2381962983798
0.494613515774006 71.7502345746291
0.503773025325376 71.2827969996625
0.512932534876747 70.836151022626
0.522092044428117 70.4105589699386
0.531251553979488 70.0062770311856
0.540411063530858 69.623554260146
0.549570573082229 69.2626315947733
0.558730082633599 68.9237409001866
0.567889592184969 68.6071040389144
0.57704910173634 68.3129319727825
0.586208611287711 68.0414239009264
0.595368120839081 67.7927664384521
0.604527630390451 67.5671328402492
0.613687139941822 67.36468227439
0.622846649493192 67.1855591494142
0.632006159044563 67.0298924996089
0.641165668595933 66.8977954321469
0.650325178147304 66.7893646396419
0.659484687698674 66.7043129379194
0.668644197250045 66.6403484632719
0.677803706801415 66.5944894639321
0.686963216352786 66.5637365555734
0.696122725904156 66.5450783518478
0.705282235455527 66.5354957024974
0.714441745006897 66.5319650115271
0.723601254558268 66.5314606164984
