0 -139.428800916452
0.0144824562161989 -139.427060593602
0.0289649124323978 -139.414879554799
0.0434473686485966 -139.381827500638
0.0579298248647955 -139.317508061304
0.0724122810809944 -139.211597631301
0.0868947372971933 -139.053898946166
0.101377193513392 -138.834408254251
0.115859649729591 -138.543396001821
0.13034210594579 -138.173761637717
0.144824562161989 -137.72549798919
0.159307018378188 -137.200089790586
0.173789474594387 -136.599233735715
0.188271930810585 -135.924814326149
0.202754387026784 -135.178878292977
0.217236843242983 -134.363608268986
0.231719299459182 -133.481296335653
0.246201755675381 -132.534317994806
0.26068421189158 -131.525107025853
0.275166668107779 -130.456131593732
0.289649124323978 -129.329871876712
0.304131580540176 -128.14879939213
0.318614036756375 -126.915358115885
0.333096492972574 -125.631947420372
0.347578949188773 -124.300906796537
0.362061405404972 -122.924502278842
0.376543861621171 -121.504914456427
0.39102631783737 -120.044227928099
0.405508774053569 -118.544422041568
0.419991230269767 -117.007362746594
0.434473686485966 -115.434795385784
0.448956142702165 -113.828338243988
0.463438598918364 -112.189556321801
0.477921055134563 -110.522915592477
0.492403511350762 -108.836423946265
0.506885967566961 -107.137759600495
0.52136842378316 -105.434040591011
0.535850879999358 -103.731873216045
0.550333336215557 -102.037404022604
0.564815792431756 -100.356373723637
0.579298248647955 -98.6941717733853
0.593780704864154 -97.0558906072506
0.608263161080353 -95.446378774134
0.622745617296552 -93.8702923582812
0.637228073512751 -92.3321442100179
0.651710529728949 -90.8363505864843
0.666192985945148 -89.3872748508398
0.680675442161347 -87.9892678978842
0.695157898377546 -86.6464835300285
0.709640354593745 -85.3598419197312
0.724122810809944 -84.1278882383892
0.738605267026143 -82.9492926610011
0.753087723242342 -81.8228982632115
0.76757017945854 -80.7477047551433
0.782052635674739 -79.722853764719
0.796535091890938 -78.7476154158939
0.811017548107137 -77.821375990277
0.825500004323336 -76.9436264970175
0.839982460539535 -76.1139520070943
0.854464916755734 -75.3320216354077
0.868947372971933 -74.5975790781946
0.883429829188131 -73.9104336348962
0.89791228540433 -73.2704516631293
0.912394741620529 -72.6775484331363
0.926877197836728 -72.1316803641568
0.941359654052927 -71.6328376396107
0.955842110269126 -71.1810372107852
0.970324566485325 -70.7763162097442
0.984807022701524 -70.4187258013245
0.999289478917723 -70.1083255111568
1.01377193513392 -69.8451780715531
1.02825439135012 -69.6293448296956
1.04273684756632 -69.4601517973725
1.05721930378252 -69.3329662307246
1.07170175999872 -69.2418116751278
1.08618421621492 -69.1806977739356
1.10066667243111 -69.1436246041102
1.11514912864731 -69.1245858225366
1.12963158486351 -69.1175713270544
