0 101.510035771065
0.0144824562161989 101.509036307305
0.0289649124323978 101.502040022887
0.0434473686485966 101.483049771093
0.0579298248647955 101.446067333025
0.0724122810809944 101.38509214178
0.0868947372971933 101.294119398209
0.101377193513392 101.167137433332
0.115859649729591 100.99812508337
0.13034210594579 100.782373466836
0.144824562161989 100.519100819773
0.159307018378188 100.208237217697
0.173789474594387 99.8496923663803
0.188271930810585 99.4433518007573
0.202754387026784 98.9890725354468
0.217236843242983 98.4866781729253
0.231719299459182 97.9359534715023
0.246201755675381 97.3366383698282
0.26068421189158 96.6884214576101
0.275166668107779 95.9909328734249
0.289649124323978 95.2437365998783
0.304131580540176 94.446322113686
0.318614036756375 93.5980953333563
0.333096492972574 92.6983687897152
0.347578949188773 91.7463509241334
0.362061405404972 90.7411343954512
0.376543861621171 89.681683248496
0.39102631783737 88.5668187637766
0.405508774053569 87.3952037681068
0.419991230269767 86.1653251378188
0.434473686485966 84.8754741675733
0.448956142702165 83.5237244054819
0.463438598918364 82.1079761967792
0.477921055134563 80.6286011713558
0.492403511350762 79.089400071263
0.506885967566961 77.4944245488011
0.52136842378316 75.8477852702543
0.535850879999358 74.1536973502242
0.550333336215557 72.4165300212325
0.564815792431756 70.640860484812
0.579298248647955 68.8315318599587
0.593780704864154 66.9937150879681
0.608263161080353 65.132974559557
0.622745617296552 63.2553370892631
0.637228073512751 61.367363659464
0.651710529728949 59.4762230751406
0.666192985945148 57.5897662907972
0.680675442161347 55.7165996702457
0.695157898377546 53.8658452799917
0.709640354593745 52.0427523616928
0.724122810809944 50.2493380022082
0.738605267026143 48.48770397515
0.753087723242342 46.760126721454
0.76757017945854 45.0690571719247
0.782052635674739 43.4171198818703
0.796535091890938 41.8071111691753
0.811017548107137 40.2419958927474
0.825500004323336 38.7249024490745
0.839982460539535 37.2591155039003
0.854464916755734 35.8480659187149
0.868947372971933 34.4953172847817
0.883429829188131 33.2045484499248
0.89791228540433 31.9795314265815
0.912394741620529 30.8241041167649
0.926877197836728 29.7421373943742
0.941359654052927 28.7374962606858
0.955842110269126 27.8139950442562
0.970324566485325 26.9753469548212
0.984807022701524 26.225108714852
0.999289478917723 25.5666214618505
1.01377193513392 25.002949603814
1.02825439135012 24.5368197697673
1.04273684756632 24.1689706456434
1.05721930378252 23.8910127714568
1.07170175999872 23.6910298509063
1.08618421621492 23.5565899519131
1.10066667243111 23.4748926646969
1.11514912864731 23.4328952746582
1.12963158486351 23.4174148831263
