0 -125.727046550356
0.00915950955137048 -125.726476140085
0.018319019102741 -125.72248337612
0.0274785286541114 -125.711646825892
0.0366380382054819 -125.690548061337
0.0457975477568524 -125.655775117617
0.0549570573082229 -125.603927315028
0.0641165668595933 -125.531621414167
0.0732760764109638 -125.435499624651
0.0824355859623343 -125.312990926666
0.0915950955137048 -125.163796390054
0.100754605065075 -124.988056305838
0.109914114616446 -124.785934663206
0.119073624167816 -124.557618391828
0.128233133719187 -124.303316507265
0.137392643270557 -124.023259166798
0.146552152821928 -123.717696643516
0.155711662373298 -123.386898226956
0.164871171924669 -123.031151058855
0.174030681476039 -122.650758912742
0.18319019102741 -122.246040926115
0.19234970057878 -121.817330293882
0.20150921013015 -121.364972931521
0.210668719681521 -120.889326116124
0.219828229232891 -120.390757113106
0.228987738784262 -119.869641795867
0.238147248335632 -119.326363265205
0.247306757887003 -118.761310474651
0.256466267438373 -118.174876867298
0.265625776989744 -117.567459029066
0.274785286541114 -116.939455362627
0.283944796092485 -116.291264785611
0.293104305643855 -115.623318079653
0.302263815195226 -114.937302379596
0.311423324746596 -114.236488694638
0.320582834297967 -113.524167074155
0.329742343849337 -112.803535007558
0.338901853400708 -112.077698096524
0.348061362952078 -111.349671944809
0.357220872503449 -110.62238509287
0.366380382054819 -109.898682834281
0.37553989160619 -109.181331762566
0.38469940115756 -108.473024909866
0.39385891070893 -107.77638735237
0.403018420260301 -107.093982171116
0.412177929811671 -106.428316670545
0.421337439363042 -105.781848770707
0.430496948914412 -105.156993502349
0.439656458465783 -104.556030392592
0.448815968017153 -103.979734599419
0.457975477568524 -103.427755041336
0.467134987119894 -102.899737858036
0.476294496671265 -102.395354227185
0.485454006222635 -101.914298785765
0.494613515774006 -101.45628817419
0.503773025325376 -101.021059692692
0.512932534876747 -100.608370060769
0.522092044428117 -100.217994271578
0.531251553979488 -99.8497245341353
0.540411063530858 -99.503369297024
0.549570573082229 -99.178752348093
0.558730082633599 -98.8757119852546
0.567889592184969 -98.5941002541087
0.57704910173634 -98.3337822486238
0.586208611287711 -98.0946354715736
0.595368120839081 -97.8765492518363
0.604527630390451 -97.6794242160335
0.613687139941822 -97.5031718123076
0.622846649493192 -97.3477138843352
0.632006159044563 -97.2129822939315
0.641165668595933 -97.0989185908419
0.650325178147304 -97.0054737285285
0.659484687698674 -96.9322922254918
0.668644197250045 -96.8773216517571
0.677803706801415 -96.8379459907694
0.686963216352786 -96.8115572426211
0.696122725904156 -96.7955532670953
0.705282235455527 -96.7873356879527
0.714441745006897 -96.7843082748138
0.723601254558268 -96.7838757923213
