0 -73.9822979495451
0.00915950955137048 -73.9818875210114
0.018319019102741 -73.9790145190255
0.0274785286541114 -73.9712163508726
0.0366380382054819 -73.956030360428
0.0457975477568524 -73.930993752377
0.0549570573082229 -73.8936434794792
0.0641165668595933 -73.841516083006
0.0732760764109638 -73.7721478807455
0.0824355859623343 -73.6836189724599
0.0915950955137048 -73.5756269143921
0.100754605065075 -73.4481673958457
0.109914114616446 -73.3012347857181
0.119073624167816 -73.1348218588207
0.128233133719187 -72.9489194771782
0.137392643270557 -72.7435162247992
0.146552152821928 -72.5185979941226
0.155711662373298 -72.2741475220155
0.164871171924669 -72.0101438728256
0.174030681476039 -71.7265618655736
0.18319019102741 -71.4233714418772
0.19234970057878 -71.100536970651
0.20150921013015 -70.7580164849757
0.210668719681521 -70.3957608457976
0.219828229232891 -70.0137128262507
0.228987738784262 -69.6118061094052
0.238147248335632 -69.189964191075
0.247306757887003 -68.7480991779632
0.256466267438373 -68.2861104698294
0.265625776989744 -67.8038833124901
0.274785286541114 -67.3012872062528
0.283944796092485 -66.7781741517673
0.293104305643855 -66.234403389093
0.302263815195226 -65.6708520648688
0.311423324746596 -65.0897366093798
0.320582834297967 -64.4933641732633
0.329742343849337 -63.8840465136271
0.338901853400708 -63.2641041796693
0.348061362952078 -62.635871098482
0.357220872503449 -62.0016995130733
0.366380382054819 -61.3639652115244
0.37553989160619 -60.7250729715412
0.38469940115756 -60.0874621282207
0.39385891070893 -59.4536121544543
0.403018420260301 -58.8260481230129
0.412177929811671 -58.2073458971444
0.421337439363042 -57.6001368728889
0.430496948914412 -57.0071120720093
0.439656458465783 -56.4309298140936
0.448815968017153 -55.8728746801576
0.457975477568524 -55.3331548379815
0.467134987119894 -54.8119621152725
0.476294496671265 -54.3094990899933
0.485454006222635 -53.8259779327431
0.494613515774006 -53.3616191696102
0.503773025325376 -52.9166503646121
0.512932534876747 -52.4913047223273
0.522092044428117 -52.0858196129804
0.531251553979488 -51.700435024058
0.540411063530858 -51.3353919444774
0.549570573082229 -50.9909306893785
0.558730082633599 -50.6672891757124
0.567889592184969 -50.3647011609148
0.57704910173634 -50.0833944590111
0.586208611287711 -49.8235891504441
0.595368120839081 -49.5854958036692
0.604527630390451 -49.3693137280529
0.613687139941822 -49.1752292787685
0.622846649493192 -49.0034142351334
0.632006159044563 -48.8540242741273
0.641165668595933 -48.7271975606113
0.650325178147304 -48.6230534750069
0.659484687698674 -48.5413388069773
0.668644197250045 -48.4798690418302
0.677803706801415 -48.4357906086791
0.686963216352786 -48.4062279654857
0.696122725904156 -48.3882904247369
0.705282235455527 -48.3790774619122
0.714441745006897 -48.3756829054455
0.723601254558268 -48.3751979553077
