0 90
0.0144824562161989 90.8297836181712
0.0289649124323978 91.6595672363424
0.0434473686485966 92.4893508545136
0.0579298248647955 93.3191344726848
0.0724122810809944 94.148918090856
0.0868947372971933 94.9787017090272
0.101377193513392 95.8084853271984
0.115859649729591 96.6382689453696
0.13034210594579 97.4680525635408
0.144824562161989 98.297836181712
0.159307018378188 99.1276197998832
0.173789474594387 99.9574034180544
0.188271930810585 100.787187036226
0.202754387026784 101.616970654397
0.217236843242983 102.446754272568
0.231719299459182 103.276537890739
0.246201755675381 104.10632150891
0.26068421189158 104.936105127082
0.275166668107779 105.765888745253
0.289649124323978 106.595672363424
0.304131580540176 107.425455981595
0.318614036756375 108.255239599766
0.333096492972574 109.085023217938
0.347578949188773 109.914806836109
0.362061405404972 110.74459045428
0.376543861621171 111.574374072451
0.39102631783737 112.404157690622
0.405508774053569 113.233941308794
0.419991230269767 114.063724926965
0.434473686485966 114.893508545136
0.448956142702165 115.723292163307
0.463438598918364 116.553075781478
0.477921055134563 117.38285939965
0.492403511350762 118.212643017821
0.506885967566961 119.042426635992
0.52136842378316 119.872210254163
0.535850879999358 120.701993872334
0.550333336215557 121.531777490506
0.564815792431756 122.361561108677
0.579298248647955 123.191344726848
0.593780704864154 124.021128345019
0.608263161080353 124.85091196319
0.622745617296552 125.680695581362
0.637228073512751 126.510479199533
0.651710529728949 127.340262817704
0.666192985945148 128.170046435875
0.680675442161347 128.999830054046
0.695157898377546 129.829613672218
0.709640354593745 130.659397290389
0.724122810809944 131.48918090856
0.738605267026143 132.318964526731
0.753087723242342 133.148748144902
0.76757017945854 133.978531763074
0.782052635674739 134.808315381245
0.796535091890938 135.638098999416
0.811017548107137 136.467882617587
0.825500004323336 137.297666235758
0.839982460539535 138.12744985393
0.854464916755734 138.957233472101
0.868947372971933 139.787017090272
0.883429829188131 140.616800708443
0.89791228540433 141.446584326614
0.912394741620529 142.276367944786
0.926877197836728 143.106151562957
0.941359654052927 143.935935181128
0.955842110269126 144.765718799299
0.970324566485325 145.59550241747
0.984807022701524 146.425286035642
0.999289478917723 147.255069653813
1.01377193513392 148.084853271984
1.02825439135012 148.914636890155
1.04273684756632 149.744420508326
1.05721930378252 150.574204126498
1.07170175999872 151.403987744669
1.08618421621492 152.23377136284
1.10066667243111 153.063554981011
1.11514912864731 153.893338599182
1.12963158486351 154.723122217353
1.14411404107971 155.552905835525
