0 -109.644984406888
0.0153207849975183 -109.64463816684
0.0306415699950366 -109.642214502867
0.0459623549925548 -109.635636130745
0.0612831399900731 -109.62282622242
0.0766039249875914 -109.601708933523
0.0919247099851097 -109.570210144852
0.107245494982628 -109.526258422191
0.122566279980146 -109.467786244821
0.137887064977665 -109.39313153074
0.153207849975183 -109.30201598236
0.168528634972701 -109.194462220342
0.183849419970219 -109.070497199276
0.199170204967738 -108.930152326467
0.214490989965256 -108.773463598511
0.229811774962774 -108.60047175552
0.245132559960292 -108.411222452792
0.260453344957811 -108.205766449792
0.275774129955329 -107.984159816242
0.291094914952847 -107.746464155154
0.306415699950366 -107.492746842633
0.321736484947884 -107.223081284296
0.337057269945402 -106.937547188155
0.35237805494292 -106.636230853833
0.367698839940439 -106.319225478013
0.383019624937957 -105.986631476011
0.398340409935475 -105.638556819431
0.413661194932994 -105.275117389848
0.428981979930512 -104.896437348514
0.44430276492803 -104.502649522101
0.459623549925548 -104.093895804521
0.474944334923067 -103.67032757489
0.490265119920585 -103.232108797758
0.505585904918103 -102.77997713066
0.520906689915621 -102.315925889337
0.53622747491314 -101.84210173516
0.551548259910658 -101.360630747322
0.566869044908176 -100.873615767588
0.582189829905695 -100.383133896499
0.597510614903213 -99.8912341757685
0.612831399900731 -99.3999354937764
0.628152184898249 -98.9112247525874
0.643472969895768 -98.42705533589
0.658793754893286 -97.9493459176479
0.674114539890804 -97.4799796510424
0.689435324888323 -97.0208037764587
0.704756109885841 -96.5736296858852
0.720076894883359 -96.1402334789943
0.735397679880877 -95.7223486197389
0.750718464878396 -95.3210271969915
0.766039249875914 -94.9362066257018
0.781360034873432 -94.5677191739634
0.796680819870951 -94.2153998988923
0.812001604868469 -93.8790870787071
0.827322389865987 -93.5586226270726
0.842643174863505 -93.2538524898047
0.857963959861024 -92.9646270239946
0.873284744858542 -92.6908013595947
0.88860552985606 -92.4322357435143
0.903926314853578 -92.1887958662467
0.919247099851097 -91.960353171057
0.934567884848615 -91.7467851457575
0.949888669846133 -91.547975597097
0.965209454843652 -91.3638149077887
0.98053023984117 -91.1942002762098
0.995851024838688 -91.0390359388038
1.01117180983621 -90.8982333752124
1.02649259483372 -90.7717114961825
1.04181337983124 -90.6593968142776
1.05713416482876 -90.5612235974309
1.07245494982628 -90.4771340053753
1.0877757348238 -90.4070782089877
1.10309651982132 -90.3509878938766
1.11841730481883 -90.308020012752
1.13373808981635 -90.2764493635922
1.14905887481387 -90.2545114906417
1.16437965981139 -90.2404486704134
1.17970044480891 -90.2325077188519
1.19502122980643 -90.2289382304004
1.21034201480394 -90.2279912541957
1.22566279980146 -90.2279912541957
1.24098358479898 -90.2289382304004
1.2563043697965 -90.2325077188519
1.27162515479402 -90.2404486704134
1.28694593979154 -90.2545114906417
1.30226672478905 -90.2764493635922
1.31758750978657 -90.308020012752
1.33290829478409 -90.3509878938766
1.34822907978161 -90.4070782089877
1.36354986477913 -90.4771340053753
1.37887064977665 -90.5612235974309
1.39419143477416 -90.6593968142776
1.40951221977168 -90.7717114961825
1.4248330047692 -90.8982333752124
1.44015378976672 -91.0390359388038
1.45547457476424 -91.1942002762098
1.47079535976175 -91.3638149077887
1.48611614475927 -91.547975597097
1.50143692975679 -91.7467851457575
1.51675771475431 -91.960353171057
1.53207849975183 -92.1887958662467
1.54739928474935 -92.4322357435143
1.56272006974686 -92.6908013595947
1.57804085474438 -92.9646270239946
1.5933616397419 -93.2538524898047
1.60868242473942 -93.5586226270726
1.62400320973694 -93.8790870787071
1.63932399473446 -94.2153998988923
1.65464477973197 -94.5677191739634
1.66996556472949 -94.9362066257018
1.68528634972701 -95.3210271969915
1.70060713472453 -95.7223486197389
1.71592791972205 -96.1402334789943
1.73124870471957 -96.5736296858852
1.74656948971708 -97.0208037764587
1.7618902747146 -97.4799796510424
1.77721105971212 -97.9493459176479
1.79253184470964 -98.42705533589
1.80785262970716 -98.9112247525874
1.82317341470467 -99.3999354937764
1.83849419970219 -99.8912341757685
1.85381498469971 -100.383133896499
1.86913576969723 -100.873615767588
1.88445655469475 -101.360630747322
1.89977733969227 -101.84210173516
1.91509812468978 -102.315925889337
1.9304189096873 -102.77997713066
1.94573969468482 -103.232108797758
1.96106047968234 -103.67032757489
1.97638126467986 -104.093895804521
1.99170204967738 -104.502649522101
2.00702283467489 -104.896437348514
2.02234361967241 -105.275117389848
2.03766440466993 -105.638556819431
2.05298518966745 -105.986631476011
2.06830597466497 -106.319225478013
2.08362675966249 -106.636230853833
2.09894754466 -106.937547188155
2.11426832965752 -107.223081284296
2.12958911465504 -107.492746842633
2.14490989965256 -107.746464155154
2.16023068465008 -107.984159816242
2.1755514696476 -108.205766449792
2.19087225464511 -108.411222452792
2.20619303964263 -108.60047175552
2.22151382464015 -108.773463598511
2.23683460963767 -108.930152326467
2.25215539463519 -109.070497199276
2.2674761796327 -109.194462220342
2.28279696463022 -109.30201598236
2.29811774962774 -109.39313153074
2.31343853462526 -109.467786244821
2.32875931962278 -109.526258422191
2.3440801046203 -109.570210144852
2.35940088961781 -109.601708933523
2.37472167461533 -109.62282622242
2.39004245961285 -109.635636130745
2.40536324461037 -109.642214502867
2.42068402960789 -109.64463816684
2.43600481460541 -109.644984406888
