0 -89.7131747710418
0.0158647359153861 -89.7134868136147
0.0317294718307722 -89.7156711522696
0.0475942077461582 -89.7216004299861
0.0634589436615443 -89.7331484215981
0.0793236795769304 -89.7521913384336
0.0951884154923165 -89.7806096513918
0.111053151407703 -89.8202904273906
0.126917887323089 -89.873129858176
0.142782623238475 -89.9406214284855
0.158647359153861 -90.0230371095037
0.174512095069247 -90.1204305349997
0.190376830984633 -90.232864726681
0.206241566900019 -90.3604119572522
0.222106302815405 -90.5031535924368
0.237971038730791 -90.6611799119145
0.253835774646177 -90.8345899091227
0.269700510561563 -91.023491069871
0.285565246476949 -91.2279991297185
0.301429982392336 -91.4482378100634
0.317294718307722 -91.6843385328983
0.333159454223108 -91.9364401141882
0.349024190138494 -92.2046884358319
0.36488892605388 -92.4892360961696
0.380753661969266 -92.7902420390074
0.396618397884652 -93.1078711611263
0.412483133800038 -93.4422938982497
0.428347869715424 -93.7936857894353
0.44421260563081 -94.1622270198569
0.460077341546196 -94.5481019419261
0.475942077461582 -94.9514985746879
0.491806813376969 -95.3726080813984
0.507671549292355 -95.8116026586254
0.523536285207741 -96.2678137016026
0.539401021123127 -96.7394576255599
0.555265757038513 -97.2246390276422
0.571130492953899 -97.7214217505989
0.586995228869285 -98.2278281362295
0.602859964784671 -98.741838874037
0.618724700700057 -99.2613934021475
0.634589436615443 -99.7843908147938
0.650454172530829 -100.308691228698
0.666318908446215 -100.832117559502
0.682183644361601 -101.35245765896
0.698048380276987 -101.867466763926
0.713913116192374 -102.374870209181
0.72977785210776 -102.872366357924
0.745642588023146 -103.357629706198
0.761507323938532 -103.828392119489
0.777372059853918 -104.283539843695
0.793236795769304 -104.722863486757
0.80910153168469 -105.146188450638
0.824966267600076 -105.553351361667
0.840831003515462 -105.944199555737
0.856695739430848 -106.318590583358
0.872560475346234 -106.676391734406
0.88842521126162 -107.017479582539
0.904289947177007 -107.341739549191
0.920154683092393 -107.64906548717
0.936019419007779 -107.939359283892
0.951884154923165 -108.212530484312
0.967748890838551 -108.468495933672
0.983613626753937 -108.707179440212
0.999478362669323 -108.928511458004
1.01534309858471 -109.132428790123
1.0312078345001 -109.318874312369
1.04707257041548 -109.487796717764
1.06293730633087 -109.639150282083
1.07880204224625 -109.77289465067
1.09466677816164 -109.888994646757
1.11053151407703 -109.98742010157
1.12639624999241 -110.068145706402
1.1422609859078 -110.131423886518
1.15812572182318 -110.178988854766
1.17399045773857 -110.21307738909
1.18985519365396 -110.235930999905
1.20571992956934 -110.249794219159
1.22158466548473 -110.256913519366
1.23744940140011 -110.259536479246
