0 -59.8645363056797
0.0158647359153861 -59.8648389549004
0.0317294718307722 -59.8669575264459
0.0475942077461582 -59.8727081730423
0.0634589436615443 -59.8839077987274
0.0793236795769304 -59.9023749227449
0.0951884154923165 -59.9299308813705
0.111053151407703 -59.9684013563773
0.126917887323089 -60.0196179086868
0.142782623238475 -60.0850178620254
0.158647359153861 -60.1648507974431
0.174512095069247 -60.2591513014121
0.190376830984633 -60.3679595801185
0.206241566900019 -60.4913211570178
0.222106302815405 -60.6292865250361
0.237971038730791 -60.7819107537626
0.253835774646177 -60.9492530520314
0.269700510561563 -61.1313762863304
0.285565246476949 -61.3283464555184
0.301429982392336 -61.5402321223689
0.317294718307722 -61.7671038024943
0.333159454223108 -62.009033311227
0.349024190138494 -62.2660930690593
0.36488892605388 -62.5383553662462
0.380753661969266 -62.8258915871783
0.396618397884652 -63.128771395111
0.412483133800038 -63.4470618778041
0.428347869715424 -63.7808266545736
0.44421260563081 -64.130124945181
0.460077341546196 -64.4950106008886
0.475942077461582 -64.8755310978828
0.491806813376969 -65.2717264931092
0.507671549292355 -65.683608136714
0.523536285207741 -66.1103907274126
0.539401021123127 -66.5502489536164
0.555265757038513 -67.0012664377076
0.571130492953899 -67.4615054586978
0.586995228869285 -67.9290091585665
0.602859964784671 -68.4018042147092
0.618724700700057 -68.8779038881715
0.634589436615443 -69.3553113532946
0.650454172530829 -69.832023211884
0.666318908446215 -70.3060330938895
0.682183644361601 -70.77533524678
0.698048380276987 -71.2379280172187
0.713913116192374 -71.6918171312682
0.72977785210776 -72.1350186831769
0.745642588023146 -72.5655617478428
0.761507323938532 -72.9815593254042
0.777372059853918 -73.3821693730413
0.793236795769304 -73.767354566098
0.80910153168469 -74.1371081586611
0.824966267600076 -74.4914324955361
0.840831003515462 -74.8303379649196
0.856695739430848 -75.1538419947583
0.872560475346234 -75.4619680918234
0.88842521126162 -75.7547449227367
0.904289947177007 -76.0322054363675
0.920154683092393 -76.2943860272025
0.936019419007779 -76.5413257394349
0.951884154923165 -76.7730655116662
0.967748890838551 -76.9896474622281
0.983613626753937 -77.1911142152366
0.999478362669323 -77.3775082675784
1.01534309858471 -77.548871397094
1.0312078345001 -77.7052441122822
1.04707257041548 -77.8466651438837
1.06293730633087 -77.9731709787302
1.07880204224625 -78.0847954362554
1.09466677816164 -78.1815692880656
1.11053151407703 -78.2635199209532
1.12639624999241 -78.3306710437196
1.1422609859078 -78.3832692872121
1.15812572182318 -78.4227835623311
1.17399045773857 -78.4510903345788
1.18985519365396 -78.470062104152
1.20571992956934 -78.4815683554984
1.22158466548473 -78.4874766138123
1.23744940140011 -78.4896532793983
