0 -125.005003502413
0.0153207849975183 -125.004597774383
0.0306415699950366 -125.001757723023
0.0459623549925548 -124.994049407768
0.0612831399900731 -124.979040137025
0.0766039249875914 -124.954299908222
0.0919247099851097 -124.917403421144
0.107245494982628 -124.865932660585
0.122566279980146 -124.797480092534
0.137887064977665 -124.710120444801
0.153207849975183 -124.603555491033
0.168528634972701 -124.477845111029
0.183849419970219 -124.33305981483
0.199170204967738 -124.169280645665
0.214490989965256 -123.986599072755
0.229811774962774 -123.785116875862
0.245132559960292 -123.564946023627
0.260453344957811 -123.326208547882
0.275774129955329 -123.069036416203
0.291094914952847 -122.793571405075
0.306415699950366 -122.499964976055
0.321736484947884 -122.188378157366
0.337057269945402 -121.858981433301
0.35237805494292 -121.511954643834
0.367698839940439 -121.147486896703
0.383019624937957 -120.765776494217
0.398340409935475 -120.36703087687
0.413661194932994 -119.951466585783
0.428981979930512 -119.519309245804
0.44430276492803 -119.07079357099
0.459623549925548 -118.606163394029
0.474944334923067 -118.12567172097
0.490265119920585 -117.629583827494
0.505585904918103 -117.118810051361
0.520906689915621 -116.59566672784
0.53622747491314 -116.062622328112
0.551548259910658 -115.522100622331
0.566869044908176 -114.976478293166
0.582189829905695 -114.428083023181
0.597510614903213 -113.879192040514
0.612831399900731 -113.332031112457
0.628152184898249 -112.788773981638
0.643472969895768 -112.251542244441
0.658793754893286 -111.722405675855
0.674114539890804 -111.203383009032
0.689435324888323 -110.696443181205
0.704756109885841 -110.203507060402
0.720076894883359 -109.726449669343
0.735397679880877 -109.267093670468
0.750718464878396 -108.826510106097
0.766039249875914 -108.40454906141
0.781360034873432 -108.000951921662
0.796680819870951 -107.61546955375
0.812001604868469 -107.247862279824
0.827322389865987 -106.897899870796
0.842643174863505 -106.565361556539
0.857963959861024 -106.250036049911
0.873284744858542 -105.951721582078
0.88860552985606 -105.670225946877
0.903926314853578 -105.405366552211
0.919247099851097 -105.156970476702
0.934567884848615 -104.924874530012
0.949888669846133 -104.708925315437
0.965209454843652 -104.508979293508
0.98053023984117 -104.324902845513
0.995851024838688 -104.156572335954
1.01117180983621 -104.003874173076
1.02649259483372 -103.866704866709
1.04181337983124 -103.744971082768
1.05713416482876 -103.63858969381
1.07245494982628 -103.547487825175
1.0877757348238 -103.471602896252
1.10309651982132 -103.41085385036
1.11841730481883 -103.364322172085
1.13373808981635 -103.330135785575
1.14905887481387 -103.306381658339
1.16437965981139 -103.291155157403
1.17970044480891 -103.282557305996
1.19502122980643 -103.278692586438
1.21034201480394 -103.277667291157
1.22566279980146 -103.277667291157
1.24098358479898 -103.278692586438
1.2563043697965 -103.282557305996
1.27162515479402 -103.291155157403
1.28694593979154 -103.306381658339
1.30226672478905 -103.330135785575
1.31758750978657 -103.364322172085
1.33290829478409 -103.41085385036
1.34822907978161 -103.471602896252
1.36354986477913 -103.547487825175
1.37887064977665 -103.63858969381
1.39419143477416 -103.744971082768
1.40951221977168 -103.866704866709
1.4248330047692 -104.003874173076
1.44015378976672 -104.156572335954
1.45547457476424 -104.324902845513
1.47079535976175 -104.508979293508
1.48611614475927 -104.708925315437
1.50143692975679 -104.924874530012
1.51675771475431 -105.156970476702
1.53207849975183 -105.405366552211
1.54739928474935 -105.670225946877
1.56272006974686 -105.951721582078
1.57804085474438 -106.250036049911
1.5933616397419 -106.565361556539
1.60868242473942 -106.897899870796
1.62400320973694 -107.247862279824
1.63932399473446 -107.61546955375
1.65464477973197 -108.000951921662
1.66996556472949 -108.40454906141
1.68528634972701 -108.826510106097
1.70060713472453 -109.267093670468
1.71592791972205 -109.726449669343
1.73124870471957 -110.203507060402
1.74656948971708 -110.696443181205
1.7618902747146 -111.203383009032
1.77721105971212 -111.722405675855
1.79253184470964 -112.251542244441
1.80785262970716 -112.788773981638
1.82317341470467 -113.332031112457
1.83849419970219 -113.879192040514
1.85381498469971 -114.428083023181
1.86913576969723 -114.976478293166
1.88445655469475 -115.522100622331
1.89977733969227 -116.062622328112
1.91509812468978 -116.59566672784
1.9304189096873 -117.118810051361
1.94573969468482 -117.629583827494
1.96106047968234 -118.12567172097
1.97638126467986 -118.606163394029
1.99170204967738 -119.07079357099
2.00702283467489 -119.519309245804
2.02234361967241 -119.951466585783
2.03766440466993 -120.36703087687
2.05298518966745 -120.765776494217
2.06830597466497 -121.147486896703
2.08362675966249 -121.511954643834
2.09894754466 -121.858981433301
2.11426832965752 -122.188378157366
2.12958911465504 -122.499964976055
2.14490989965256 -122.793571405075
2.16023068465008 -123.069036416203
2.1755514696476 -123.326208547882
2.19087225464511 -123.564946023627
2.20619303964263 -123.785116875862
2.22151382464015 -123.986599072755
2.23683460963767 -124.169280645665
2.25215539463519 -124.33305981483
2.2674761796327 -124.477845111029
2.28279696463022 -124.603555491033
2.29811774962774 -124.710120444801
2.31343853462526 -124.797480092534
2.32875931962278 -124.865932660585
2.3440801046203 -124.917403421144
2.35940088961781 -124.954299908222
2.37472167461533 -124.979040137025
2.39004245961285 -124.994049407768
2.40536324461037 -125.001757723023
2.42068402960789 -125.004597774383
2.43600481460541 -125.005003502413
