0 -67.8350372130845
0.0153207849975183 -67.8347353456653
0.0306415699950366 -67.8326222507804
0.0459623549925548 -67.8268865051034
0.0612831399900731 -67.8157160465577
0.0766039249875914 -67.7972974394987
0.0919247099851097 -67.7698148515502
0.107245494982628 -67.7314487503722
0.122566279980146 -67.6803743715642
0.137887064977665 -67.6151098465464
0.153207849975183 -67.5353714398321
0.168528634972701 -67.4411293355363
0.183849419970219 -67.3323487749354
0.199170204967738 -67.2089902818408
0.214490989965256 -67.0710099221386
0.229811774962774 -66.9183595973643
0.245132559960292 -66.7509873721923
0.260453344957811 -66.5688378357362
0.275774129955329 -66.3718524965768
0.291094914952847 -66.1599702114719
0.306415699950366 -65.9331276477576
0.321736484947884 -65.6912597794985
0.337057269945402 -65.4343004175458
0.35237805494292 -65.1621827737377
0.367698839940439 -64.8748400596051
0.383019624937957 -64.5722061200808
0.398340409935475 -64.2542161028644
0.413661194932994 -63.9208071642862
0.428981979930512 -63.571919212725
0.44430276492803 -63.2074956908777
0.459623549925548 -62.8274843984455
0.474944334923067 -62.4318383571276
0.490265119920585 -62.0205192286584
0.505585904918103 -61.5940285253711
0.520906689915621 -61.154070095973
0.53622747491314 -60.7025290231826
0.551548259910658 -60.2413104363537
0.566869044908176 -59.7723380848815
0.582189829905695 -59.2975524760211
0.597510614903213 -58.8189086390497
0.612831399900731 -58.3383735824432
0.628152184898249 -57.8579235147761
0.643472969895768 -57.3795409033995
0.658793754893286 -56.9052114476169
0.674114539890804 -56.4369210450381
0.689435324888323 -55.9766528309518
0.704756109885841 -55.5263843708202
0.720076894883359 -55.0880850851606
0.735397679880877 -54.6637054118184
0.750718464878396 -54.2545205710544
0.766039249875914 -53.86067038988
0.781360034873432 -53.4821761519743
0.796680819870951 -53.1190503952073
0.812001604868469 -52.7712977549479
0.827322389865987 -52.4389157867634
0.842643174863505 -52.1218957681808
0.857963959861024 -51.8202234789652
0.873284744858542 -51.5338799591291
0.88860552985606 -51.2628422437304
0.903926314853578 -51.0070840733348
0.919247099851097 -50.7665765788983
0.934567884848615 -50.5412889397306
0.949888669846133 -50.3311890130973
0.965209454843652 -50.1362439339879
0.98053023984117 -49.9564206835397
0.995851024838688 -49.7916866246036
1.01117180983621 -49.6420100029452
1.02649259483372 -49.5073604126335
1.04181337983124 -49.3877092241936
1.05713416482876 -49.2830299742079
1.07245494982628 -49.1932987151076
1.0877757348238 -49.1184943240216
1.10309651982132 -49.0585703463151
1.11841730481883 -49.0126466651796
1.13373808981635 -48.97889373531
1.14905887481387 -48.9554341992636
1.16437965981139 -48.9403936918883
1.17970044480891 -48.931899884443
1.19502122980643 -48.9280817021468
1.21034201480394 -48.9270687290519
1.22566279980146 -48.9270687290519
1.24098358479898 -48.9280817021468
1.2563043697965 -48.931899884443
1.27162515479402 -48.9403936918883
1.28694593979154 -48.9554341992636
1.30226672478905 -48.97889373531
1.31758750978657 -49.0126466651796
1.33290829478409 -49.0585703463151
1.34822907978161 -49.1184943240216
1.36354986477913 -49.1932987151076
1.37887064977665 -49.2830299742079
1.39419143477416 -49.3877092241936
1.40951221977168 -49.5073604126335
1.4248330047692 -49.6420100029452
1.44015378976672 -49.7916866246036
1.45547457476424 -49.9564206835397
1.47079535976175 -50.1362439339879
1.48611614475927 -50.3311890130973
1.50143692975679 -50.5412889397306
1.51675771475431 -50.7665765788983
1.53207849975183 -51.0070840733348
1.54739928474935 -51.2628422437304
1.56272006974686 -51.5338799591291
1.57804085474438 -51.8202234789652
1.5933616397419 -52.1218957681808
1.60868242473942 -52.4389157867634
1.62400320973694 -52.7712977549479
1.63932399473446 -53.1190503952073
1.65464477973197 -53.4821761519743
1.66996556472949 -53.86067038988
1.68528634972701 -54.2545205710544
1.70060713472453 -54.6637054118184
1.71592791972205 -55.0880850851606
1.73124870471957 -55.5263843708202
1.74656948971708 -55.9766528309518
1.7618902747146 -56.4369210450381
1.77721105971212 -56.9052114476169
1.79253184470964 -57.3795409033995
1.80785262970716 -57.8579235147761
1.82317341470467 -58.3383735824432
1.83849419970219 -58.8189086390497
1.85381498469971 -59.2975524760211
1.86913576969723 -59.7723380848815
1.88445655469475 -60.2413104363537
1.89977733969227 -60.7025290231826
1.91509812468978 -61.154070095973
1.9304189096873 -61.5940285253711
1.94573969468482 -62.0205192286584
1.96106047968234 -62.4318383571276
1.97638126467986 -62.8274843984455
1.99170204967738 -63.2074956908777
2.00702283467489 -63.571919212725
2.02234361967241 -63.9208071642862
2.03766440466993 -64.2542161028644
2.05298518966745 -64.5722061200808
2.06830597466497 -64.8748400596051
2.08362675966249 -65.1621827737377
2.09894754466 -65.4343004175458
2.11426832965752 -65.6912597794985
2.12958911465504 -65.9331276477576
2.14490989965256 -66.1599702114719
2.16023068465008 -66.3718524965768
2.1755514696476 -66.5688378357362
2.19087225464511 -66.7509873721923
2.20619303964263 -66.9183595973643
2.22151382464015 -67.0710099221386
2.23683460963767 -67.2089902818408
2.25215539463519 -67.3323487749354
2.2674761796327 -67.4411293355363
2.28279696463022 -67.5353714398321
2.29811774962774 -67.6151098465464
2.31343853462526 -67.6803743715642
2.32875931962278 -67.7314487503722
2.3440801046203 -67.7698148515502
2.35940088961781 -67.7972974394987
2.37472167461533 -67.8157160465577
2.39004245961285 -67.8268865051034
2.40536324461037 -67.8326222507804
2.42068402960789 -67.8347353456653
2.43600481460541 -67.8350372130845
