0 -92.4521193808334
0.00709492559037712 -92.4524276231172
0.0141898511807542 -92.4545853576429
0.0212847767711314 -92.4604424055817
0.0283797023615085 -92.4718496613274
0.0354746279518856 -92.490660329529
0.0425695535422627 -92.5187316536339
0.0496644791326399 -92.5579271310444
0.056759404723017 -92.6101188979963
0.0638543303133941 -92.6767808355598
0.0709492559037713 -92.7581798330113
0.0780441814941484 -92.8543667340997
0.0851391070845255 -92.9654012771546
0.0922340326749026 -93.0913519628111
0.0993289582652798 -93.2322959014326
0.106423883855657 -93.388318640193
0.113518809446034 -93.5595139697791
0.120613735036411 -93.7459837106726
0.127708660626788 -93.9478374789749
0.134803586217165 -94.1651924317384
0.141898511807543 -94.3981729917744
0.14899343739792 -94.6469105519099
0.156088362988297 -94.9115431586753
0.163183288578674 -95.1922151754058
0.170278214169051 -95.4890769247502
0.177373139759428 -95.8022843105837
0.184468065349805 -96.1319984193254
0.191562990940182 -96.478385100664
0.19865791653056 -96.8416145276944
0.205752842120937 -97.2218607364611
0.212847767711314 -97.619301144896
0.219942693301691 -98.0341160511177
0.227037618892068 -98.4664668729178
0.234132544482445 -98.9156870204706
0.241227470072822 -99.3800128327349
0.248322395663199 -99.8575720076913
0.255417321253576 -100.346453677941
0.262512246843954 -100.844707733669
0.269607172434331 -101.350344710093
0.276702098024708 -101.861336197835
0.283797023615085 -102.375615732002
0.290891949205462 -102.891080113937
0.297986874795839 -103.405591118505
0.305081800386216 -103.916977539452
0.312176725976594 -104.423037525733
0.319271651566971 -104.921541162807
0.326366577157348 -105.410233254682
0.333461502747725 -105.886836264956
0.340556428338102 -106.349129968502
0.347651353928479 -106.796028329859
0.354746279518856 -107.227333210393
0.361841205109233 -107.642880247953
0.368936130699611 -108.042515719264
0.376031056289988 -108.426096044139
0.383125981880365 -108.79348730924
0.390220907470742 -109.144564811245
0.397315833061119 -109.479212619322
0.404410758651496 -109.797323156833
0.411505684241873 -110.098796802232
0.41860060983225 -110.383541509136
0.425695535422627 -110.651472445624
0.432790461013005 -110.902511652798
0.439885386603382 -111.136587722719
0.446980312193759 -111.353635495822
0.454075237784136 -111.553595777974
0.461170163374513 -111.736415077314
0.46826508896489 -111.902045361088
0.475360014555267 -112.050443832635
0.482454940145645 -112.181572728752
0.489549865736022 -112.29539913762
0.496644791326399 -112.391894837483
0.503739716916776 -112.471036156273
0.510834642507153 -112.533071488133
0.51792956809753 -112.579701667914
0.525024493687907 -112.613119967622
0.532119419278284 -112.635524101712
0.539214344868661 -112.649114609972
0.546309270459039 -112.656093846651
0.553404196049416 -112.658665200288
