//              Time(s)       Force[Z](Revolution:3)-ArfadaCaso1.iaa(N) Force[Y](Revolution:3)-ArfadaCaso1.iaa(N) Force[X](Revolution:3)-ArfadaCaso1.iaa(N) Force(Revolution:3)-ArfadaCaso1.iaa(N) Moment[Z](Revolution:3)-ArfadaCaso1.iaa(N.mm) Moment[Y](Revolution:3)-ArfadaCaso1.iaa(N.mm) Moment[X](Revolution:3)-ArfadaCaso1.iaa(N.mm) Moment(Revolution:3)-ArfadaCaso1.iaa(N.mm) Force[Z](Spherical:5)-ArfadaCaso1.iaa(N) Force[Y](Spherical:5)-ArfadaCaso1.iaa(N) Force[X](Spherical:5)-ArfadaCaso1.iaa(N) Force(Spherical:5)-ArfadaCaso1.iaa(N) Moment[Z](Spherical:5)-ArfadaCaso1.iaa(N.mm) Moment[Y](Spherical:5)-ArfadaCaso1.iaa(N.mm) Moment[X](Spherical:5)-ArfadaCaso1.iaa(N.mm) Moment(Spherical:5)-ArfadaCaso1.iaa(N.mm) 
               0,00000       1,20099      -750,76947     177,75300     771,52600     142186,00000 -2340,53000   -10843,20000   142618,00000 -0,30904       771,36200    -0,00384       771,36200     0,00000       0,00000       0,00000       0,00000      
               0,00402       1,27758      -798,65100     189,08500     820,73000     151256,00000 -2489,74000   -11535,00000   151715,00000 -0,33426       820,56100    -0,00418       820,56100     0,00000       0,00000       0,00000       0,00000      
               0,00803       1,35431      -846,61145     200,44000     870,01700     160344,00000 -2639,25000   -12227,80000   160831,00000 -0,35947       869,84300    -0,00452       869,84300     0,00000       0,00000       0,00000       0,00000      
               0,01205       1,43116      -894,65100     211,82200     919,38700     169455,00000 -2789,12000   -12921,90000   169970,00000 -0,38465       919,20800    -0,00486       919,20813     0,00000       0,00000       0,00000       0,00000      
               0,01606       1,50810      -942,74400     223,23000     968,81400     178589,00000 -2939,36000   -13616,80000   179131,00000 -0,40975       968,63100    -0,00520       968,63100     0,00000       0,00000       0,00000       0,00000      
               0,02008       1,58523      -990,94600     234,68500     1018,36000    187762,00000 -3090,21000   -14313,30000   188332,00000 -0,43473       1018,17000   -0,00554       1018,17000    0,00000       0,00000       0,00000       0,00000      
               0,02410       1,66210      -1038,98000    246,12800     1067,74000    196928,00000 -3240,93000   -15007,60000   197525,00000 -0,45942       1067,55000   -0,00587       1067,55000    0,00000       0,00000       0,00000       0,00000      
               0,02811       1,74028      -1087,83000    257,79900     1117,96000    206280,00000 -3394,67000   -15713,60000   206905,00000 -0,48408       1117,76000   -0,00620       1117,76000    0,00000       0,00000       0,00000       0,00000      
               0,03213       1,81354      -1133,59000    268,78100     1165,02000    215086,00000 -3539,37000   -16375,30000   215737,00000 -0,50721       1164,82000   -0,00651       1164,82000    0,00000       0,00000       0,00000       0,00000      
               0,03614       1,81004      -1131,36000    268,43200     1162,77000    214826,00000 -3534,88000   -16343,80000   215476,00000 -0,50499       1162,57000   -0,00647       1162,57000    0,00000       0,00000       0,00000       0,00000      
               0,04016       1,81043      -1131,56000    268,69223     1163,02000    215060,00000 -3538,45000   -16347,40000   215710,00000 -0,50336       1162,82000   -0,00644       1162,82000    0,00000       0,00000       0,00000       0,00000      
               0,04418       1,80962      -1130,99000    268,80700     1162,50000    215185,00000 -3540,13000   -16340,20000   215833,00000 -0,50117       1162,29000   -0,00640       1162,29000    0,00000       0,00000       0,00000       0,00000      
               0,04819       1,80904      -1130,56000    268,98800     1162,12000    215369,00000 -3542,69000   -16335,20000   216017,00000 -0,49873       1161,92000   -0,00636       1161,92000    0,00000       0,00000       0,00000       0,00000      
               0,05221       1,80829      -1130,02000    269,17157     1161,64000    215565,00000 -3545,31000   -16328,70000   216211,00000 -0,49596       1161,44000   -0,00631       1161,44000    0,00000       0,00000       0,00000       0,00000      
               0,05622       1,80749      -1129,45000    269,37300     1161,13000    215785,00000 -3548,18000   -16321,70000   216430,00000 -0,49288       1160,92000   -0,00626       1160,92000    0,00000       0,00000       0,00000       0,00000      
               0,06024       1,80661      -1128,81000    269,58600     1160,56000    216024,00000 -3551,21000   -16314,10000   216669,00000 -0,48949       1160,36000   -0,00620       1160,36000    0,00000       0,00000       0,00000       0,00000      
               0,06426       1,80566      -1128,13000    269,80800     1159,94000    216284,00000 -3554,38000   -16305,90000   216927,00000 -0,48581       1159,74000   -0,00614       1159,74000    0,00000       0,00000       0,00000       0,00000      
               0,06827       1,80464      -1127,40000    270,03500     1159,29000    216564,00000 -3557,63000   -16297,20000   217205,00000 -0,48183       1159,08000   -0,00607       1159,08000    0,00000       0,00000       0,00000       0,00000      
               0,07229       1,80355      -1126,62000    270,26600     1158,58000    216861,00000 -3560,94000   -16287,90000   217501,00000 -0,47756       1158,38000   -0,00600       1158,38000    0,00000       0,00000       0,00000       0,00000      
               0,07630       1,80240      -1125,80000    270,49600     1157,84000    217176,00000 -3564,23000   -16278,20000   217814,00000 -0,47300       1157,64000   -0,00592       1157,64000    0,00000       0,00000       0,00000       0,00000      
               0,08032       1,80119      -1124,94000    270,72100     1157,06000    217506,00000 -3567,48000   -16268,10000   218143,00000 -0,46816       1156,86000   -0,00584       1156,86000    0,00000       0,00000       0,00000       0,00000      
               0,08434       1,79993      -1124,05000    270,93900     1156,24000    217852,00000 -3570,61000   -16257,60000   218487,00000 -0,46305       1156,04000   -0,00575       1156,04000    0,00000       0,00000       0,00000       0,00000      
               0,08835       1,79860      -1123,12000    271,14300     1155,39000    218212,00000 -3573,59000   -16246,70000   218845,00000 -0,45766       1155,19000   -0,00566       1155,19000    0,00000       0,00000       0,00000       0,00000      
               0,09237       1,79723      -1122,16000    271,33200     1154,50000    218584,00000 -3576,33000   -16235,50000   219215,00000 -0,45201       1154,30000   -0,00556       1154,30000    0,00000       0,00000       0,00000       0,00000      
               0,09638       1,79581      -1121,18000    271,49881     1153,58000    218967,00000 -3578,79000   -16224,10000   219596,00000 -0,44610       1153,38000   -0,00546       1153,38000    0,00000       0,00000       0,00000       0,00000      
               0,10040       1,79434      -1120,17000    271,64000     1152,64000    219359,00000 -3580,89000   -16212,50000   219986,00000 -0,43993       1152,43000   -0,00535       1152,43000    0,00000       0,00000       0,00000       0,00000      
               0,10442       1,79283      -1119,14000    271,75000     1151,66000    219759,00000 -3582,57000   -16200,70000   220384,00000 -0,43350       1151,46000   -0,00524       1151,46000    0,00000       0,00000       0,00000       0,00000      
               0,10843       1,79128      -1118,09000    271,82400     1150,66000    220164,00000 -3583,75000   -16188,70000   220787,00000 -0,42682       1150,46000   -0,00513       1150,46000    0,00000       0,00000       0,00000       0,00000      
               0,11245       1,78967      -1117,01000    271,85400     1149,62000    220570,00000 -3584,33000   -16176,50000   221192,00000 -0,41986       1149,42000   -0,00501       1149,42000    0,00000      -0,00000       0,00000       0,00000      
               0,11646       1,78818      -1116,02000    271,86100     1148,65000    220997,00000 -3584,57000   -16165,60000   221616,00000 -0,41274       1148,45000   -0,00489       1148,45000    0,00000      -0,00000       0,00000       0,00000      
               0,12048       1,78578      -1114,47000    271,68200     1147,11000    221315,00000 -3582,34000   -16146,80000   221932,00000 -0,40507       1146,90000   -0,00475       1146,90000    0,00000       0,00000       0,00000       0,00000      
               0,12450       1,78771      -1115,63000    272,10800     1148,34000    222170,00000 -3588,04000   -16167,40000   222787,00000 -0,39821       1148,13000   -0,00463       1148,13000    0,00000       0,00000       0,00000       0,00000      
               0,12851       1,76842      -1103,57000    269,24500     1135,94000    220384,00000 -3550,34000   -15996,50000   220992,00000 -0,38699       1135,74000   -0,00446       1135,74000    0,00000       0,00000       0,00000       0,00000      
               0,13253       1,68193      -1049,59000    256,08670     1080,38000    210180,00000 -3376,84000   -15217,60000   210757,00000 -0,35810       1080,18000   -0,00406       1080,18000    0,00000       0,00000       0,00000       0,00000      
               0,13654       1,60886      -1004,00000    244,90600     1033,44000    201591,00000 -3229,38000   -14560,30000   202142,00000 -0,33272       1033,25000   -0,00372       1033,25000    0,00000       0,00000       0,00000       0,00000      
               0,14056       1,53218      -956,17000     233,11300     984,17700     192485,00000 -3073,78000   -13870,10000   193008,00000 -0,30816       983,99000    -0,00339       983,99000     0,00000       0,00000       0,00000       0,00000      
               0,14458       1,45718      -909,40900     221,52200     936,00100     183525,00000 -2920,83000   -13195,10000   184022,00000 -0,28518       935,81900    -0,00309       935,81900     0,00000      -0,00000       0,00000       0,00000      
               0,14859       1,38223      -862,68500     209,89100     887,85260     174506,00000 -2767,32000   -12520,40000   174976,00000 -0,26365       887,67600    -0,00281       887,67600     0,00000       0,00000       0,00000       0,00000      
               0,15261       1,30778      -816,28800     198,30000     840,03000     165484,00000 -2614,30000   -11850,10000   165928,00000 -0,24363       839,85800    -0,00256       839,85800     0,00000       0,00000       0,00000       0,00000      
               0,15663       1,23367      -770,10700     186,73200     792,42300     156440,00000 -2461,58000   -11182,50000   156859,00000 -0,22514       792,25600    -0,00233       792,25600     0,00000       0,00000       0,00000       0,00000      
               0,16064       1,15990      -724,14500     175,20000     745,03900     147378,00000 -2309,32000   -10517,80000   147771,00000 -0,20818       744,87600    -0,00213       744,87600     0,00000       0,00000       0,00000       0,00000      
               0,16466       1,08643      -678,37207     163,71000     697,84700     138294,00000 -2157,60000   -9855,46000    138662,00000 -0,19273       697,68900    -0,00196       697,68900     0,00000      -0,00000      -0,00000       0,00000      
               0,16867       1,01323      -632,76800     152,26800     650,83200     129190,00000 -2006,54000   -9195,18000    129533,00000 -0,17878       650,67800    -0,00181       650,67800     0,00000      -0,00000      -0,00000       0,00000      
               0,17269       0,94024      -587,29100     140,87800     603,95200     120061,00000 -1856,16000   -8536,37000    120379,00000 -0,16629       603,80300    -0,00169       603,80300     0,00000       0,00000       0,00000       0,00000      
               0,17671       0,86753      -541,98200     129,56100     557,25400     110921,00000 -1706,77000   -7879,63000    111214,00000 -0,15525       557,11000    -0,00159       557,11000    -0,00000       0,00000       0,00000       0,00000      
               0,18072       0,79460      -496,52700     118,25500     510,41500     101712,00000 -1557,54000   -7220,37000    101979,00000 -0,14550       510,27600    -0,00152       510,27600     0,00000      -0,00000      -0,00000       0,00000      
               0,18474       0,72329      -452,07196     107,24200     464,61900     92672,30000  -1412,22000   -6575,28000    92916,00000  -0,13737       464,48400    -0,00147       464,48400     0,00000      -0,00000      -0,00000       0,00000      
               0,18875       0,64608      -403,91700     95,41970      415,03500     82845,60000  -1256,28000   -5875,98000    83063,20000  -0,12934       414,90564    -0,00142       414,90564     0,00000       0,00000       0,00000       0,00000      
               0,19277       0,59413      -371,52900     87,38910      381,66900     76231,40000  -1150,31000   -5405,84000    76431,50000  -0,12693       381,54300    -0,00145       381,54300    -0,00000       0,00000       0,00000       0,00000      
               0,19679       0,60333      -377,37200     88,37400      387,58194     77449,30000  -1163,02000   -5492,12000    77652,50000  -0,13587       387,45500    -0,00159       387,45600     0,00000      -0,00000      -0,00000       0,00000      
               0,20080       0,60216      -376,73600     87,83065      386,83900     77326,60000  -1155,61000   -5484,04000    77529,40000  -0,14271       386,71300    -0,00170       386,71300    -0,00000       0,00000       0,00000       0,00000      
               0,20482       0,60380      -377,85100     87,69280      387,89400     77553,40000  -1153,54000   -5501,42000    77756,90000  -0,14968       387,76770    -0,00182       387,76800     0,00000       0,00000       0,00000       0,00000      
               0,20883       0,60463      -378,46000     87,43510      388,42900     77667,50000  -1149,89000   -5511,37000    77871,30000  -0,15623       388,30200    -0,00193       388,30200     0,00000       0,00000       0,00000       0,00000      
               0,21285       0,60562      -379,17200     87,20153      389,07000     77794,90000  -1146,55000   -5522,79000    77999,10000  -0,16251       388,94400    -0,00203       388,94400     0,00000       0,00000      -0,00000       0,00000      
               0,21687       0,60652      -379,82400     86,95623      389,65100     77903,10000  -1143,06000   -5533,29000    78107,70000  -0,16849       389,52500    -0,00213       389,52500     0,00000       0,00000      -0,00000       0,00001      
               0,22088       0,60740      -380,45900     86,71096      390,21600     78001,60000  -1139,58000   -5543,49000    78206,70000  -0,17419       390,08905    -0,00222       390,08900     0,00000       0,00000      -0,00000       0,00000      
               0,22490       0,60823      -381,06500     86,46490      390,75200     78089,20000  -1136,09000   -5553,22000    78294,60000  -0,17961       390,62500    -0,00231       390,62500    -0,00000       0,00000      -0,00000       0,00000      
               0,22891       0,60903      -381,64400     86,22040      391,26200     78167,00000  -1132,62000   -5562,52000    78372,80000  -0,18475       391,13600    -0,00239       391,13600    -0,00000      -0,00000       0,00000       0,00000      
               0,23293       0,60978      -382,19500     85,97892      391,74700     78235,70000  -1129,20000   -5571,37000    78442,00000  -0,18962       391,62000    -0,00247       391,62000     0,00000       0,00000      -0,00000       0,00000      
               0,23695       0,61050      -382,71800     85,74200      392,20500     78296,20000  -1125,85000   -5579,76000    78502,80000  -0,19423       392,07900    -0,00255       392,07900     0,00000       0,00000      -0,00000       0,00000      
               0,24096       0,61117      -383,21200     85,51110      392,63800     78349,00000  -1122,58000   -5587,70000    78556,10000  -0,19856       392,51100    -0,00261       392,51100     0,00000       0,00000      -0,00000       0,00000      
               0,24498       0,61180      -383,67800     85,28770      393,04300     78395,00000  -1119,42000   -5595,16000    78602,40000  -0,20264       392,91700    -0,00268       392,91700    -0,00000      -0,00000       0,00000       0,00000      
               0,24899       0,61239      -384,11400     85,07296      393,42200     78434,70000  -1116,39000   -5602,16000    78642,40000  -0,20644       393,29600    -0,00274       393,29600     0,00000       0,00000      -0,00000       0,00000      
               0,25301       0,61294      -384,52000     84,86820      393,77500     78468,80000  -1113,50000   -5608,67000    78676,80000  -0,20998       393,64800    -0,00279       393,64800     0,00000      -0,00000       0,00000       0,00000      
               0,25703       0,61345      -384,89700     84,67469      394,10100     78497,90000  -1110,77000   -5614,71000    78706,30000  -0,21326       393,97500    -0,00284       393,97500     0,00000       0,00000       0,00000       0,00000      
               0,26104       0,61392      -385,24100     84,49280      394,39800     78522,10000  -1108,20000   -5620,22000    78730,80000  -0,21627       394,27100    -0,00289       394,27100     0,00000       0,00000      -0,00000       0,00000      
               0,26506       0,61435      -385,56300     84,32620      394,67800     78544,20000  -1105,85000   -5625,38000    78753,20000  -0,21901       394,55100    -0,00293       394,55100     0,00000      -0,00000       0,00000       0,00000      
               0,26908       0,61470      -385,82200     84,16640      394,89600     78556,00000  -1103,60000   -5629,56000    78765,20000  -0,22148       394,76900    -0,00296       394,76900     0,00000       0,00000      -0,00000       0,00000      
               0,27309       0,61519      -386,16900     84,04780      395,21000     78589,30000  -1101,91000   -5635,00000    78798,80000  -0,22370       395,08400    -0,00300       395,08400     0,00000       0,00000      -0,00000       0,00000      
               0,27711       0,61495      -386,05300     83,85070      395,05500     78531,90000  -1099,20000   -5633,61000    78741,40000  -0,22558       394,92800    -0,00302       394,92800     0,00000      -0,00000       0,00000       0,00000      
               0,28112       0,61716      -387,46500     84,00900      396,46800     78789,50000  -1101,17000   -5654,50000    78999,80000  -0,22745       396,34100    -0,00305       396,34200     0,00000       0,00000       0,00000       0,00000      
               0,28514       0,61032      -383,20000     82,95810      392,07700     77896,70000  -1087,31000   -5592,44000    78104,80000  -0,22806       391,95100    -0,00306       391,95100     0,00000      -0,00000       0,00000       0,00000      
               0,28915       0,64278      -403,58600     87,27780      412,91600     82021,10000  -1143,86000   -5890,31000    82240,30000  -0,23277       412,78800    -0,00310       412,78800     0,00000      -0,00000       0,00000       0,00000      
               0,29317       0,72493      -455,14900     98,36490      465,65800     92485,50000  -1289,12000   -6643,42000    92732,80000  -0,24253       465,52400    -0,00316       465,52400     0,00000       0,00000       0,00000       0,00000      
               0,29719       0,79731      -500,57800     108,13000     512,12400     101704,00000 -1417,06000   -7306,93000    101976,00000 -0,25087       511,98500    -0,00322       511,98600     0,00000       0,00000       0,00000       0,00000      
               0,30120       0,87223      -547,60500     118,25300     560,22800     111250,00000 -1549,69000   -7993,76000    111548,00000 -0,25928       560,08500    -0,00327       560,08500     0,00000       0,00000       0,00000       0,00000      
               0,30522       0,94606      -593,93500     128,23700     607,62100     120657,00000 -1680,51000   -8670,40000    120980,00000 -0,26742       607,47300    -0,00332       607,47300     0,00000      -0,00000       0,00000       0,00000      
               0,30923       1,02134      -641,18100     138,43100     655,95500     130252,00000 -1814,10000   -9360,39000    130601,00000 -0,27564       655,80200    -0,00336       655,80200     0,00000       0,00000       0,00000       0,00000      
               0,31325       1,09147      -685,18400     147,93483     700,97290     139191,00000 -1938,64000   -10003,00000   139564,00000 -0,28327       700,81543    -0,00341       700,81500     0,00000      -0,00000       0,00000       0,00000      
               0,31727       1,18040      -740,99000     159,99800     758,06800     150530,00000 -2096,73000   -10818,00000   150932,00000 -0,29293       757,90400    -0,00347       757,90400     0,00000       0,00000       0,00000       0,00000      
               0,32128       1,18041      -740,99000     159,99800     758,06800     150530,00000 -2096,73000   -10818,00000   150932,00000 -0,29293       757,90400    -0,00346       757,90400     0,00000       0,00000       0,00000       0,00000      
               0,32530       1,09150      -685,18400     147,93483     700,97290     139191,00000 -1938,64000   -10003,00000   139564,00000 -0,28327       700,81543    -0,00340       700,81500     0,00000       0,00000       0,00000       0,00000      
               0,32932       1,02139      -641,18100     138,43100     655,95500     130252,00000 -1814,09000   -9360,39000    130601,00000 -0,27564       655,80200    -0,00334       655,80200     0,00000      -0,00000       0,00000       0,00000      
               0,33333       0,94612      -593,93500     128,23700     607,62100     120657,00000 -1680,50000   -8670,40000    120980,00000 -0,26742       607,47300    -0,00328       607,47300     0,00000       0,00000       0,00000       0,00000      
               0,33735       0,87231      -547,60500     118,25300     560,22800     111250,00000 -1549,67000   -7993,77000    111548,00000 -0,25928       560,08500    -0,00322       560,08500     0,00000      -0,00000       0,00000       0,00000      
               0,34136       0,79739      -500,57800     108,13000     512,12400     101704,00000 -1417,04000   -7306,94000    101976,00000 -0,25087       511,98500    -0,00316       511,98600     0,00000      -0,00000       0,00000       0,00000      
               0,34538       0,72502      -455,14900     98,36490      465,65800     92485,50000  -1289,10000   -6643,43000    92732,80000  -0,24253       465,52400    -0,00310       465,52400     0,00000      -0,00000       0,00000       0,00000      
               0,34940       0,64288      -403,58600     87,27780      412,91600     82021,10000  -1143,84000   -5890,32000    82240,30000  -0,23277       412,78800    -0,00302       412,78800     0,00000      -0,00000       0,00000       0,00000      
               0,35341       0,61043      -383,20000     82,95810      392,07700     77896,70000  -1087,29000   -5592,45000    78104,80000  -0,22806       391,95100    -0,00297       391,95100     0,00000      -0,00000       0,00000       0,00000      
               0,35743       0,61728      -387,46500     84,00900      396,46800     78789,50000  -1101,15000   -5654,51000    78999,80000  -0,22745       396,34100    -0,00295       396,34200     0,00000      -0,00000       0,00000       0,00000      
               0,36144       0,61508      -386,05300     83,85070      395,05500     78531,90000  -1099,18000   -5633,62000    78741,40000  -0,22558       394,92800    -0,00292       394,92800     0,00000       0,00000       0,00000       0,00000      
               0,36546       0,61533      -386,16900     84,04780      395,21000     78589,30000  -1101,88000   -5635,00000    78798,80000  -0,22370       395,08400    -0,00288       395,08400     0,00000       0,00000       0,00000       0,00000      
               0,36948       0,61485      -385,82200     84,16640      394,89600     78556,00000  -1103,57000   -5629,57000    78765,20000  -0,22148       394,76900    -0,00284       394,76900     0,00000       0,00000      -0,00000       0,00000      
               0,37349       0,61452      -385,56300     84,32620      394,67800     78544,20000  -1105,82000   -5625,39000    78753,20000  -0,21901       394,55100    -0,00280       394,55100     0,00000      -0,00000       0,00000       0,00000      
               0,37751       0,61409      -385,24100     84,49280      394,39800     78522,10000  -1108,17000   -5620,23000    78730,80000  -0,21627       394,27100    -0,00275       394,27100     0,00000       0,00000       0,00000       0,00000      
               0,38152       0,61364      -384,89700     84,67469      394,10100     78497,90000  -1110,73000   -5614,72000    78706,30000  -0,21326       393,97500    -0,00270       393,97500     0,00000      -0,00000       0,00000       0,00000      
               0,38554       0,61314      -384,52000     84,86820      393,77500     78468,80000  -1113,46000   -5608,68000    78676,80000  -0,20998       393,64800    -0,00265       393,64800     0,00000       0,00000      -0,00000       0,00000      
               0,38956       0,61260      -384,11400     85,07296      393,42200     78434,70000  -1116,35000   -5602,17000    78642,40000  -0,20644       393,29600    -0,00259       393,29600     0,00000       0,00000       0,00000       0,00000      
               0,39357       0,61202      -383,67800     85,28770      393,04300     78395,00000  -1119,38000   -5595,18000    78602,40000  -0,20264       392,91700    -0,00252       392,91700    -0,00000      -0,00000       0,00000       0,00000      
               0,39759       0,61140      -383,21200     85,51110      392,63800     78349,00000  -1122,54000   -5587,71000    78556,10000  -0,19857       392,51100    -0,00246       392,51100     0,00000      -0,00000       0,00000       0,00000      
               0,40160       0,61074      -382,71800     85,74200      392,20500     78296,20000  -1125,80000   -5579,78000    78502,80000  -0,19423       392,07900    -0,00239       392,07900     0,00000      -0,00000       0,00000       0,00000      
               0,40562       0,61003      -382,19500     85,97892      391,74700     78235,70000  -1129,15000   -5571,38000    78442,00000  -0,18962       391,62000    -0,00231       391,62000    -0,00000      -0,00000       0,00000       0,00000      
               0,40964       0,60929      -381,64400     86,22040      391,26200     78167,00000  -1132,57000   -5562,53000    78372,80000  -0,18475       391,13600    -0,00224       391,13600    -0,00000      -0,00000       0,00000       0,00000      
               0,41365       0,60851      -381,06500     86,46490      390,75200     78089,20000  -1136,03000   -5553,23000    78294,60000  -0,17961       390,62500    -0,00215       390,62500     0,00000       0,00000      -0,00000       0,00000      
               0,41767       0,60768      -380,45900     86,71096      390,21600     78001,60000  -1139,52000   -5543,50000    78206,70000  -0,17419       390,08900    -0,00207       390,08900     0,00000       0,00000      -0,00000       0,00000      
               0,42168       0,60681      -379,82400     86,95620      389,65100     77903,10000  -1143,01000   -5533,30000    78107,70000  -0,16849       389,52500    -0,00198       389,52500     0,00000       0,00000      -0,00000       0,00000      
               0,42570       0,60592      -379,17200     87,20150      389,07000     77794,90000  -1146,49000   -5522,80000    77999,10000  -0,16251       388,94400    -0,00189       388,94400    -0,00000      -0,00000       0,00001       0,00001      
               0,42972       0,60493      -378,46000     87,43510      388,42900     77667,50000  -1149,83000   -5511,38000    77871,30000  -0,15623       388,30200    -0,00179       388,30200    -0,00000       0,00000       0,00001       0,00001      
               0,43373       0,60411      -377,85100     87,69280      387,89400     77553,40000  -1153,48000   -5501,43000    77756,90000  -0,14968       387,76770    -0,00169       387,76800    -0,00000       0,00000       0,00000       0,00000      
               0,43775       0,60248      -376,73600     87,83065      386,83900     77326,60000  -1155,55000   -5484,06000    77529,40000  -0,14271       386,71300    -0,00159       386,71300     0,00000      -0,00001      -0,00000       0,00001      
               0,44177       0,60364      -377,37200     88,37400      387,58194     77449,30000  -1162,96000   -5492,14000    77652,50000  -0,13587       387,45500    -0,00149       387,45600    -0,00000       0,00000       0,00000       0,00000      
               0,44578       0,59444      -371,52900     87,38910      381,66900     76231,40000  -1150,25000   -5405,85000    76431,50000  -0,12693       381,54300    -0,00136       381,54300    -0,00000       0,00000       0,00000       0,00000      
               0,44980       0,64643      -403,91700     95,41970      415,03500     82845,60000  -1256,22000   -5875,99000    83063,20000  -0,12934       414,90564    -0,00135       414,90567     0,00000      -0,00000      -0,00000       0,00000      
               0,45381       0,72369      -452,07200     107,24200     464,61900     92672,30000  -1412,14000   -6575,29000    92916,00000  -0,13737       464,48400    -0,00140       464,48400     0,00000      -0,00000      -0,00000       0,00000      
               0,45783       0,79505      -496,52700     118,25500     510,41500     101712,00000 -1557,46000   -7220,38000    101979,00000 -0,14550       510,27600    -0,00146       510,27600     0,00000      -0,00000      -0,00000       0,00000      
               0,46185       0,86803      -541,98200     129,56100     557,25400     110921,00000 -1706,67000   -7879,64000    111214,00000 -0,15525       557,11000    -0,00153       557,11000     0,00000      -0,00000      -0,00000       0,00000      
               0,46586       0,94079      -587,29100     140,87800     603,95200     120061,00000 -1856,05000   -8536,39000    120379,00000 -0,16629       603,80300    -0,00163       603,80300    -0,00000       0,00000       0,00000       0,00000      
               0,46988       1,01384      -632,76800     152,26800     650,83200     129190,00000 -2006,42000   -9195,20000    129533,00000 -0,17878       650,67800    -0,00175       650,67800     0,00000       0,00000       0,00000       0,00000      
               0,47389       1,08710      -678,37207     163,71000     697,84700     138294,00000 -2157,47000   -9855,47000    138662,00000 -0,19273       697,68900    -0,00189       697,68900     0,00000      -0,00000      -0,00000       0,00000      
               0,47791       1,16064      -724,14500     175,20000     745,03900     147378,00000 -2309,17000   -10517,80000   147771,00000 -0,20817       744,87600    -0,00205       744,87600     0,00000       0,00000       0,00000       0,00000      
               0,48192       1,23448      -770,10675     186,73200     792,42300     156440,00000 -2461,41000   -11182,50000   156859,00000 -0,22514       792,25600    -0,00223       792,25600     0,00000       0,00000       0,00000       0,00000      
               0,48594       1,30867      -816,28833     198,30000     840,03000     165484,00000 -2614,12000   -11850,10000   165928,00000 -0,24363       839,85800    -0,00243       839,85800     0,00000      -0,00000       0,00000       0,00000      
               0,48996       1,38320      -862,68500     209,89100     887,85300     174506,00000 -2767,12000   -12520,40000   174976,00000 -0,26364       887,67600    -0,00265       887,67600     0,00000       0,00000       0,00000       0,00000      
               0,49397       1,45824      -909,40900     221,52200     936,00100     183526,00000 -2920,62000   -13195,10000   184022,00000 -0,28518       935,81900    -0,00289       935,81900     0,00000       0,00000       0,00000       0,00000      
               0,49799       1,53332      -956,17000     233,11300     984,17700     192485,00000 -3073,55000   -13870,10000   193008,00000 -0,30815       983,99000    -0,00315       983,99000     0,00000       0,00000       0,00000       0,00000      
               0,50201       1,61011      -1004,00000    244,90600     1033,44000    201591,00000 -3229,13000   -14560,30000   202142,00000 -0,33272       1033,25000   -0,00343       1033,25000    0,00000       0,00000       0,00000       0,00000      
               0,50602       1,68327      -1049,59000    256,08700     1080,38000    210180,00000 -3376,57000   -15217,60000   210757,00000 -0,35810       1080,18000   -0,00372       1080,18000    0,00000       0,00000       0,00000       0,00000      
               0,51004       1,76988      -1103,57000    269,24500     1135,94000    220384,00000 -3550,05000   -15996,40000   220992,00000 -0,38699       1135,74000   -0,00405       1135,74000    0,00000       0,00000       0,00000       0,00000      
               0,51405       1,78922      -1115,63000    272,10800     1148,34000    222170,00000 -3587,74000   -16167,40000   222787,00000 -0,39821       1148,13000   -0,00418       1148,13000    0,00000       0,00000       0,00000       0,00000      
               0,51807       1,78734      -1114,47000    271,68200     1147,11000    221315,00000 -3582,03000   -16146,80000   221932,00000 -0,40506       1146,90000   -0,00426       1146,91000    0,00000       0,00000       0,00000       0,00000      
               0,52209       1,78979      -1116,02000    271,86100     1148,65000    220997,00000 -3584,25000   -16165,50000   221616,00000 -0,41274       1148,45000   -0,00435       1148,45000    0,00000       0,00000       0,00000       0,00000      
               0,52610       1,79133      -1117,01000    271,85400     1149,62000    220570,00000 -3584,00000   -16176,50000   221192,00000 -0,41986       1149,42000   -0,00444       1149,42000    0,00000       0,00000       0,00000       0,00000      
               0,53012       1,79299      -1118,09000    271,82400     1150,66000    220164,00000 -3583,41000   -16188,70000   220787,00000 -0,42682       1150,46000   -0,00451       1150,46000    0,00000       0,00000       0,00000       0,00000      
               0,53413       1,79460      -1119,14000    271,75000     1151,66000    219759,00000 -3582,22000   -16200,60000   220384,00000 -0,43350       1151,46000   -0,00458       1151,46000    0,00000       0,00000       0,00000       0,00000      
               0,53815       1,79616      -1120,17000    271,64000     1152,64000    219359,00000 -3580,53000   -16212,40000   219986,00000 -0,43993       1152,43000   -0,00465       1152,43000    0,00000       0,00000       0,00000       0,00000      
               0,54217       1,79769      -1121,18000    271,49884     1153,58000    218967,00000 -3578,41000   -16224,10000   219596,00000 -0,44610       1153,38000   -0,00471       1153,38000    0,00000       0,00000       0,00000       0,00000      
               0,54618       1,79916      -1122,16000    271,33200     1154,50000    218584,00000 -3575,95000   -16235,50000   219215,00000 -0,45202       1154,30000   -0,00477       1154,30000    0,00000       0,00000       0,00000       0,00000      
               0,55020       1,80060      -1123,12000    271,14300     1155,39000    218212,00000 -3573,19000   -16246,70000   218845,00000 -0,45767       1155,19000   -0,00482       1155,19000    0,00000       0,00000       0,00000       0,00000      
               0,55421       1,80198      -1124,05000    270,93900     1156,24000    217852,00000 -3570,21000   -16257,50000   218487,00000 -0,46305       1156,04000   -0,00486       1156,04000    0,00000       0,00000       0,00000       0,00000      
               0,55823       1,80331      -1124,94000    270,72100     1157,06000    217506,00000 -3567,06000   -16268,00000   218143,00000 -0,46816       1156,86000   -0,00490       1156,86000    0,00000       0,00000       0,00000       0,00000      
               0,56225       1,80458      -1125,80000    270,49600     1157,84000    217176,00000 -3563,80000   -16278,20000   217814,00000 -0,47300       1157,64000   -0,00494       1157,64000    0,00000       0,00000       0,00000       0,00000      
               0,56626       1,80580      -1126,62000    270,26600     1158,58000    216861,00000 -3560,49000   -16287,90000   217501,00000 -0,47756       1158,38000   -0,00497       1158,38000    0,00000       0,00000       0,00000       0,00000      
               0,57028       1,80695      -1127,40000    270,03500     1159,29000    216564,00000 -3557,17000   -16297,10000   217205,00000 -0,48183       1159,08000   -0,00499       1159,08000    0,00000       0,00000       0,00000       0,00000      
               0,57429       1,80804      -1128,13000    269,80800     1159,94000    216284,00000 -3553,91000   -16305,80000   216927,00000 -0,48581       1159,74000   -0,00501       1159,74000    0,00000       0,00000       0,00000       0,00000      
               0,57831       1,80907      -1128,81000    269,58600     1160,56000    216024,00000 -3550,72000   -16314,00000   216669,00000 -0,48950       1160,36000   -0,00502       1160,36000    0,00000       0,00000       0,00000       0,00000      
               0,58233       1,81002      -1129,45000    269,37300     1161,13000    215785,00000 -3547,68000   -16321,60000   216430,00000 -0,49288       1160,92000   -0,00503       1160,92000    0,00000       0,00000       0,00000       0,00000      
               0,58634       1,81089      -1130,02000    269,17160     1161,64000    215565,00000 -3544,79000   -16328,60000   216211,00000 -0,49596       1161,44000   -0,00503       1161,44000    0,00000       0,00000       0,00000       0,00000      
               0,59036       1,81172      -1130,56000    268,98800     1162,12000    215369,00000 -3542,16000   -16335,10000   216017,00000 -0,49873       1161,92000   -0,00502       1161,92000    0,00000       0,00000       0,00000       0,00000      
               0,59437       1,81238      -1130,99000    268,80700     1162,50000    215185,00000 -3539,58000   -16340,10000   215833,00000 -0,50118       1162,29000   -0,00501       1162,29000    0,00000       0,00000       0,00000       0,00000      
               0,59839       1,81327      -1131,56000    268,69223     1163,02000    215060,00000 -3537,89000   -16347,30000   215710,00000 -0,50337       1162,82000   -0,00500       1162,82000    0,00000       0,00000       0,00000       0,00000      
               0,60241       1,81296      -1131,36000    268,43200     1162,77000    214826,00000 -3534,31000   -16343,70000   215476,00000 -0,50499       1162,57000   -0,00498       1162,57000    0,00000       0,00000       0,00000       0,00000      
               0,60642       1,81655      -1133,59000    268,78100     1165,02000    215086,00000 -3538,77000   -16375,20000   215737,00000 -0,50721       1164,82000   -0,00496       1164,82000    0,00000       0,00000       0,00000       0,00000      
               0,61044       1,74324      -1087,83000    257,79900     1117,96000    206280,00000 -3394,08000   -15713,50000   206905,00000 -0,48407       1117,76000   -0,00469       1117,76000    0,00000       0,00000       0,00000       0,00000      
               0,61445       1,66500      -1038,98000    246,12822     1067,74000    196928,00000 -3240,36000   -15007,50000   197525,00000 -0,45941       1067,55000   -0,00441       1067,55000    0,00000       0,00000       0,00000       0,00000      
               0,61847       1,58807      -990,94600     234,68500     1018,36000    187762,00000 -3089,65000   -14313,20000   188332,00000 -0,43473       1018,17000   -0,00413       1018,17000    0,00000       0,00000       0,00000       0,00000      
               0,62249       1,51087      -942,74400     223,23000     968,81400     178589,00000 -2938,81000   -13616,70000   179131,00000 -0,40974       968,63100    -0,00385       968,63092     0,00000       0,00000       0,00000       0,00000      
               0,62650       1,43385      -894,65100     211,82200     919,38700     169455,00000 -2788,59000   -12921,80000   169970,00000 -0,38464       919,20800    -0,00358       919,20800     0,00000       0,00000       0,00000       0,00000      
               0,63052       1,35691      -846,61200     200,44000     870,01700     160344,00000 -2638,73000   -12227,80000   160831,00000 -0,35946       869,84300    -0,00331       869,84300     0,00000       0,00000       0,00000       0,00000      
               0,63453       1,28010      -798,65100     189,08500     820,72998     151256,00000 -2489,24000   -11534,90000   151715,00000 -0,33425       820,56100    -0,00305       820,56100     0,00000       0,00000       0,00000       0,00000      
               0,63855       1,20341      -750,77240     177,75400     771,52900     142186,00000 -2340,07000   -10843,20000   142618,00000 -0,30903       771,36500    -0,00279       771,36500     0,00000       0,00000       0,00000       0,00000      
