//              Time(s)       Force[Z](Revolution:2)-ArfadaCaso1.iaa(N) Force[Y](Revolution:2)-ArfadaCaso1.iaa(N) Force[X](Revolution:2)-ArfadaCaso1.iaa(N) Force(Revolution:2)-ArfadaCaso1.iaa(N) Moment[Z](Revolution:2)-ArfadaCaso1.iaa(N.mm) Moment[Y](Revolution:2)-ArfadaCaso1.iaa(N.mm) Moment[X](Revolution:2)-ArfadaCaso1.iaa(N.mm) Moment(Revolution:2)-ArfadaCaso1.iaa(N.mm) Force[Z](Spherical:9)-ArfadaCaso1.iaa(N) Force[Y](Spherical:9)-ArfadaCaso1.iaa(N) Force[X](Spherical:9)-ArfadaCaso1.iaa(N) Force(Spherical:9)-ArfadaCaso1.iaa(N) Moment[Z](Spherical:9)-ArfadaCaso1.iaa(N.mm) Moment[Y](Spherical:9)-ArfadaCaso1.iaa(N.mm) Moment[X](Spherical:9)-ArfadaCaso1.iaa(N.mm) Moment(Spherical:9)-ArfadaCaso1.iaa(N.mm) 
               0,00000       1,30291      -814,37800     192,84400     836,90000     154233,00000  3053,22000    11848,40000   154717,00000 -0,30902       836,73600     0,00527       836,73600    -0,00000      -0,00000      -0,00005       0,00005      
               0,00402       1,38591      -866,26100     205,12500     890,21700     164061,00000  3247,68000    12603,40000   164576,00000 -0,33424       890,04800     0,00567       890,04800     0,00000       0,00000      -0,00000       0,00000      
               0,00803       1,46905      -918,22290     217,42900     943,61600     173907,00000  3442,49000    13359,60000   174454,00000 -0,35945       943,44200     0,00608       943,44220     0,00000       0,00000      -0,00000       0,00000      
               0,01205       1,55231      -970,26500     229,76200     997,09900     183777,00000  3637,75000    14116,90000   184355,00000 -0,38463       996,92000     0,00648       996,92100     0,00000       0,00000      -0,00000       0,00000      
               0,01606       1,63567      -1022,36000    242,12200     1050,64000    193671,00000  3833,43000    14874,90000   194279,00000 -0,40973       1050,46000    0,00688       1050,46000    0,00000       0,00000      -0,00000       0,00000      
               0,02008       1,71921      -1074,56000    254,53100     1104,30000    203606,00000  4029,87000    15634,40000   204245,00000 -0,43471       1104,11000    0,00728       1104,11000    0,00000       0,00000      -0,00000       0,00000      
               0,02410       1,80248      -1126,59000    266,92700     1157,78000    213534,00000  4226,10000    16391,30000   214203,00000 -0,45939       1157,59000    0,00768       1157,59000    0,00000       0,00000      -0,00000       0,00000      
               0,02811       1,88713      -1179,48000    279,56500     1212,16000    223659,00000  4426,12000    17160,40000   224360,00000 -0,48405       1211,96000    0,00807       1211,96000    0,00000       0,00000      -0,00000       0,00000      
               0,03213       1,96658      -1229,10000    291,47644     1263,19000    233208,00000  4614,61000    17882,00000   233938,00000 -0,50718       1262,99000    0,00845       1262,99000    0,00000       0,00000      -0,00000       0,00000      
               0,03614       1,96291      -1226,76000    291,11400     1260,83000    232940,00000  4608,75000    17847,20000   233668,00000 -0,50496       1260,63000    0,00842       1260,63000    0,00000       0,00000      -0,00000       0,00000      
               0,04016       1,96335      -1226,98000    291,40000     1261,11000    233197,00000  4613,13000    17849,50000   233924,00000 -0,50334       1260,91000    0,00840       1260,91000    0,00000       0,00000      -0,00000       0,00000      
               0,04418       1,96253      -1226,41000    291,53400     1260,58000    233339,00000  4615,07000    17840,10000   234065,00000 -0,50115       1260,38000    0,00837       1260,38000    0,00000       0,00000      -0,00000       0,00000      
               0,04819       1,96196      -1225,98000    291,73822     1260,22000    233546,00000  4618,11000    17832,70000   234271,00000 -0,49871       1260,01000    0,00834       1260,01000    0,00000       0,00000      -0,00000       0,00000      
               0,05221       1,96122      -1225,44000    291,94800     1259,74000    233766,00000  4621,20000    17823,50000   234491,00000 -0,49593       1259,54000    0,00831       1259,54000    0,00000       0,00000      -0,00000       0,00000      
               0,05622       1,96043      -1224,86000    292,17800     1259,23000    234014,00000  4624,60000    17813,50000   234737,00000 -0,49285       1259,03000    0,00827       1259,03000    0,00000       0,00000      -0,00000       0,00000      
               0,06024       1,95956      -1224,23000    292,42000     1258,67000    234284,00000  4628,19000    17802,60000   235005,00000 -0,48947       1258,46000    0,00823       1258,46000    0,00000       0,00000      -0,00000       0,00000      
               0,06426       1,95861      -1223,54000    292,67392     1258,06000    234577,00000  4631,94000    17790,80000   235297,00000 -0,48578       1257,86000    0,00818       1257,86000    0,00000       0,00000      -0,00000       0,00000      
               0,06827       1,95760      -1222,81000    292,93500     1257,41000    234892,00000  4635,79000    17778,10000   235609,00000 -0,48180       1257,20000    0,00813       1257,20000    0,00000       0,00000      -0,00000       0,00000      
               0,07229       1,95653      -1222,03000    293,20000     1256,71000    235227,00000  4639,69000    17764,60000   235942,00000 -0,47753       1256,51000    0,00808       1256,51000    0,00000       0,00000      -0,00000       0,00000      
               0,07630       1,95539      -1221,21000    293,46500     1255,98000    235581,00000  4643,59000    17750,40000   236294,00000 -0,47297       1255,77000    0,00802       1255,77000    0,00000       0,00000      -0,00000       0,00000      
               0,08032       1,95419      -1220,35000    293,72700     1255,20000    235954,00000  4647,42000    17735,50000   236665,00000 -0,46813       1255,00000    0,00797       1255,00000    0,00000       0,00000      -0,00000       0,00000      
               0,08434       1,95293      -1219,45000    293,98000     1254,39000    236343,00000  4651,13000    17719,80000   237052,00000 -0,46302       1254,19000    0,00790       1254,19000   -0,00000       0,00000      -0,00000       0,00000      
               0,08835       1,95162      -1218,52000    294,22000     1253,54000    236749,00000  4654,63000    17703,50000   237455,00000 -0,45764       1253,34000    0,00784       1253,34000   -0,00000       0,00000      -0,00000       0,00000      
               0,09237       1,95025      -1217,57000    294,44300     1252,66000    237168,00000  4657,87000    17686,70000   237872,00000 -0,45198       1252,46000    0,00777       1252,46000   -0,00000       0,00000      -0,00000       0,00000      
               0,09638       1,94884      -1216,58000    294,64400     1251,75000    237599,00000  4660,76000    17669,30000   238301,00000 -0,44607       1251,55000    0,00769       1251,55000   -0,00000       0,00000      -0,00000       0,00000      
               0,10040       1,94738      -1215,57000    294,81665     1250,81000    238041,00000  4663,23000    17651,40000   238740,00000 -0,43990       1250,61000    0,00762       1250,61000   -0,00000       0,00000      -0,00000       0,00000      
               0,10442       1,94588      -1214,53000    294,95700     1249,84000    238492,00000  4665,19000    17633,00000   239188,00000 -0,43347       1249,64000    0,00754       1249,64000   -0,00000       0,00000      -0,00000       0,00000      
               0,10843       1,94434      -1213,48000    295,05800     1248,84000    238949,00000  4666,57000    17614,20000   239643,00000 -0,42679       1248,64000    0,00746       1248,64000   -0,00000       0,00000      -0,00000       0,00000      
               0,11245       1,94273      -1212,40000    295,11100     1247,80000    239408,00000  4667,20000    17594,90000   240099,00000 -0,41983       1247,60000    0,00737       1247,60000   -0,00000       0,00000      -0,00000       0,00000      
               0,11646       1,94126      -1211,42000    295,14000     1246,85000    239890,00000  4667,49000    17576,80000   240578,00000 -0,41270       1246,65000    0,00728       1246,65000   -0,00000       0,00000      -0,00000       0,00000      
               0,12048       1,93879      -1209,82000    294,96700     1245,26000    240252,00000  4664,61000    17549,70000   240938,00000 -0,40503       1245,06000    0,00719       1245,06000   -0,00000       0,00000      -0,00000       0,00000      
               0,12450       1,94099      -1211,15000    295,44500     1246,67000    241194,00000  4672,06000    17564,80000   241878,00000 -0,39818       1246,46000    0,00711       1246,46000   -0,00000       0,00000      -0,00000       0,00000      
               0,12851       1,92063      -1198,43000    292,42600     1233,59000    239328,00000  4624,26000    17376,10000   240003,00000 -0,38695       1233,39000    0,00696       1233,39000    0,00001       0,00000      -0,00000       0,00001      
               0,13253       1,82716      -1140,10000    278,20400     1173,55000    228305,00000  4399,35000    16526,10000   228945,00000 -0,35807       1173,35000    0,00650       1173,35000   -0,00000       0,00000      -0,00000       0,00000      
               0,13654       1,74783      -1090,60000    266,06300     1122,59000    218981,00000  4207,39000    15804,50000   219591,00000 -0,33269       1122,40000    0,00610       1122,40000   -0,00000       0,00000      -0,00000       0,00000      
               0,14056       1,66467      -1038,74000    253,27400     1069,18000    209109,00000  4005,23000    15048,90000   209688,00000 -0,30812       1068,99000    0,00570       1068,99000   -0,00000       0,00000      -0,00000       0,00000      
               0,14458       1,58327      -987,99000     240,69200     1016,89000    199386,00000  3806,37000    14309,60000   199935,00000 -0,28515       1016,71000    0,00533       1016,71000   -0,00000       0,00000      -0,00000       0,00000      
               0,14859       1,50188      -937,26600     228,06200     964,61500     189594,00000  3606,81000    13571,20000   190113,00000 -0,26362       964,43800     0,00497       964,43800    -0,00000      -0,00000      -0,00000       0,00000      
               0,15261       1,42101      -886,87000     215,47000     912,67100     179795,00000  3407,86000    12837,80000   180285,00000 -0,24360       912,49900     0,00463       912,49900     0,00000       0,00000      -0,00000       0,00000      
               0,15663       1,34047      -836,69000     202,89888     860,94100     169968,00000  3209,27000    12108,00000   170429,00000 -0,22511       860,77400     0,00431       860,77400    -0,00000      -0,00000      -0,00000       0,00000      
               0,16064       1,26028      -786,73000     190,36300     809,43500     160117,00000  3011,25000    11381,70000   160549,00000 -0,20815       809,27200     0,00401       809,27200    -0,00000      -0,00000      -0,00000       0,00000      
               0,16466       1,18038      -736,95900     177,86800     758,12100     150240,00000  2813,88000    10658,60000   150644,00000 -0,19270       757,96300     0,00373       757,96300    -0,00000      -0,00001      -0,00000       0,00001      
               0,16867       1,10076      -687,35800     165,42300     706,98400     140338,00000  2617,29000    9938,33000    140713,00000 -0,17876       706,83100     0,00346       706,83100    -0,00000      -0,00001      -0,00000       0,00001      
               0,17269       1,02134      -637,88200     153,03100     655,98200     130406,00000  2421,53000    9220,30000    130754,00000 -0,16627       655,83300     0,00322       655,83300    -0,00000      -0,00001      -0,00000       0,00001      
               0,17671       0,94222      -588,58100     140,71700     605,16900     120460,00000  2226,99000    8505,22000    120781,00000 -0,15523       605,02500     0,00299       605,02500    -0,00000      -0,00002      -0,00001       0,00002      
               0,18072       0,86284      -539,10900     128,41100     554,19220     110436,00000  2032,55000    7788,09000    110729,00000 -0,14548       554,05300     0,00278       554,05300    -0,00000      -0,00002      -0,00001       0,00002      
               0,18474       0,78522      -490,72600     116,42600     504,34900     100598,00000  1843,14000    7087,10000    100864,00000 -0,13735       504,21500     0,00259       504,21500    -0,00000      -0,00004      -0,00001       0,00004      
               0,18875       0,70118      -438,31400     103,55900     450,38200     89902,70000   1639,73000    6328,31000    90140,00000  -0,12932       450,25300     0,00239       450,25300    -0,00000      -0,00006      -0,00002       0,00006      
               0,19277       0,64453      -403,00600     94,80640      414,00800     82692,00000   1501,41000    5816,93000    82909,90000  -0,12692       413,88205     0,00229       413,88208     0,00000      -0,00010      -0,00003       0,00010      
               0,19679       0,65438      -409,26600     95,85730      420,34200     83997,10000   1518,33000    5906,00000    84218,20000  -0,13586       420,21600     0,00241       420,21600    -0,00000      -0,00017      -0,00006       0,00019      
               0,20080       0,65303      -408,52000     95,25560      419,47900     83852,50000   1509,09000    5893,95000    84072,90000  -0,14269       419,35300     0,00250       419,35300    -0,00000      -0,00043      -0,00013       0,00044      
               0,20482       0,65471      -409,66700     95,09220      420,55900     84085,70000   1506,79000    5909,27000    84306,50000  -0,14967       420,43200     0,00258       420,43200    -0,00001      -0,00124      -0,00027       0,00127      
               0,20883       0,65552      -410,26800     94,79995      421,07900     84197,50000   1502,45000    5916,78000    84418,50000  -0,15622       420,95300     0,00266       420,95300     0,00004      -0,00253       0,00211       0,00329      
               0,21285       0,65648      -410,98400     94,53437      421,71700     84324,10000   1498,52000    5925,98000    84545,30000  -0,16250       421,59000     0,00276       421,59000    -0,00000       0,00205       0,00147       0,00252      
               0,21687       0,65736      -411,63700     94,25670      422,29100     84430,30000   1494,41000    5934,32000    84651,80000  -0,16847       422,16500     0,00282       422,16500     0,00081       0,00120       0,00040       0,00150      
               0,22088       0,65820      -412,27300     93,97960      422,85000     84526,50000   1490,30000    5942,47000    84748,30000  -0,17417       422,72300     0,00287       422,72300     0,00000       0,00033       0,00015       0,00036      
               0,22490       0,65898      -412,88000     93,70220      423,38000     84611,30000   1486,18000    5950,24000    84833,30000  -0,17959       423,25300     0,00292       423,25300    -0,00000       0,00012       0,00006       0,00013      
               0,22891       0,65973      -413,46000     93,42710      423,88500     84686,00000   1482,09000    5957,68000    84908,20000  -0,18473       423,75800     0,00296       423,75800    -0,00000       0,00007       0,00003       0,00007      
               0,23293       0,66043      -414,01200     93,15580      424,36400     84751,30000   1478,05000    5964,76000    84973,80000  -0,18960       424,23700     0,00299       424,23700    -0,00000       0,00004       0,00002       0,00005      
               0,23695       0,66110      -414,53600     92,89010      424,81700     84808,10000   1474,09000    5971,49000    85030,90000  -0,19421       424,69000     0,00303       424,69046    -0,00000       0,00003       0,00001       0,00003      
               0,24096       0,66172      -415,03200     92,63150      425,24400     84857,20000   1470,24000    5977,85000    85080,20000  -0,19855       425,11700     0,00305       425,11700     0,00000       0,00002       0,00001       0,00002      
               0,24498       0,66230      -415,49800     92,38140      425,64500     84899,30000   1466,51000    5983,84000    85122,60000  -0,20262       425,51800     0,00307       425,51825     0,00000       0,00002       0,00001       0,00002      
               0,24899       0,66284      -415,93500     92,14140      426,01944     84935,20000   1462,93000    5989,46000    85158,60000  -0,20642       425,89300     0,00309       425,89300     0,00000       0,00001       0,00000       0,00001      
               0,25301       0,66334      -416,34200     91,91280      426,36700     84965,40000   1459,51000    5994,69000    85189,10000  -0,20997       426,24100     0,00310       426,24100     0,00000       0,00001       0,00000       0,00001      
               0,25703       0,66380      -416,72000     91,69690      426,69000     84990,80000   1456,29000    5999,55000    85214,70000  -0,21324       426,56311     0,00311       426,56300     0,00000       0,00001       0,00000       0,00001      
               0,26104       0,66422      -417,06427     91,49410      426,98300     85011,30000   1453,25000    6003,97000    85235,40000  -0,21625       426,85600     0,00311       426,85600     0,00000       0,00001       0,00000       0,00001      
               0,26506       0,66460      -417,38800     91,30840      427,25900     85030,10000   1450,48000    6008,15000    85254,40000  -0,21900       427,13300     0,00311       427,13269     0,00000       0,00001       0,00000       0,00001      
               0,26908       0,66489      -417,64505     91,13070      427,47200     85038,30000   1447,81000    6011,42000    85262,80000  -0,22146       427,34600     0,00311       427,34600     0,00000       0,00001       0,00000       0,00001      
               0,27309       0,66535      -418,00000     90,99800      427,79100     85070,10000   1445,85000    6016,15000    85294,80000  -0,22368       427,66500     0,00310       427,66500     0,00000       0,00001       0,00000       0,00001      
               0,27711       0,66502      -417,85800     90,78100      427,60600     85004,50000   1442,53000    6013,76000    85229,20000  -0,22556       427,47900     0,00308       427,47900     0,00000       0,00001       0,00000       0,00001      
               0,28112       0,66733      -419,37100     90,94930      429,12000     85280,20000   1445,31000    6035,25000    85505,70000  -0,22743       428,99300     0,00307       428,99300     0,00000       0,00001       0,00000       0,00001      
               0,28514       0,65985      -414,73000     89,80680      424,34300     84309,20000   1427,24000    5968,20000    84532,20000  -0,22805       424,21700     0,00303       424,21700     0,00000       0,00001       0,00000       0,00001      
               0,28915       0,69505      -436,88089     94,50110      446,98500     88790,50000   1501,90000    6286,91000    89025,50000  -0,23276       446,85700     0,00310       446,85700     0,00000       0,00001       0,00000       0,00001      
               0,29317       0,78412      -492,86615     106,54000     504,25000     100152,00000  1693,27000    7092,77000    100418,00000 -0,24251       504,11700     0,00330       504,11700     0,00000       0,00000       0,00000       0,00000      
               0,29719       0,86257      -542,18200     117,14200     554,69300     110160,00000  1861,79000    7802,61000    110452,00000 -0,25085       554,55400     0,00347       554,55400     0,00000       0,00000       0,00000       0,00000      
               0,30120       0,94380      -593,24300     128,13400     606,92400     120525,00000  2036,50000    8537,62000    120844,00000 -0,25926       606,78100     0,00365       606,78100     0,00000       0,00000      -0,00000       0,00000      
               0,30522       1,02383      -643,55100     138,97600     658,38600     130739,00000  2208,81000    9261,79000    131086,00000 -0,26740       658,23800     0,00383       658,23800     0,00000       0,00000      -0,00000       0,00000      
               0,30923       1,10544      -694,85700     150,04700     710,87400     141160,00000  2384,76000    10000,40000   141533,00000 -0,27562       710,72100     0,00401       710,72100     0,00000       0,00000      -0,00000       0,00000      
               0,31325       1,18145      -742,64500     160,36900     759,76400     150867,00000  2548,79000    10688,30000   151267,00000 -0,28324       759,60600     0,00417       759,60700     0,00000       0,00000      -0,00000       0,00000      
               0,31727       1,27786      -803,25500     173,47100     821,77400     163182,00000  2757,00000    11560,90000   163614,00000 -0,29290       821,61100     0,00439       821,61100    -0,00000       0,00000      -0,00000       0,00000      
               0,32128       1,27780      -803,25500     173,47100     821,77400     163182,00000  2756,99000    11560,90000   163614,00000 -0,29290       821,61100     0,00436       821,61100    -0,00000       0,00000      -0,00000       0,00000      
               0,32530       1,18126      -742,64500     160,36900     759,76400     150867,00000  2548,75000    10688,30000   151267,00000 -0,28324       759,60600     0,00408       759,60700     0,00000       0,00000      -0,00000       0,00000      
               0,32932       1,10514      -694,85700     150,04700     710,87400     141160,00000  2384,71000    10000,40000   141533,00000 -0,27562       710,72100     0,00385       710,72100     0,00000       0,00000      -0,00000       0,00000      
               0,33333       1,02343      -643,55100     138,97600     658,38600     130739,00000  2208,74000    9261,81000    131086,00000 -0,26739       658,23800     0,00361       658,23800     0,00000       0,00000      -0,00000       0,00000      
               0,33735       0,94332      -593,24300     128,13400     606,92400     120525,00000  2036,41000    8537,65000    120844,00000 -0,25926       606,78100     0,00336       606,78100     0,00000       0,00000      -0,00000       0,00000      
               0,34136       0,86202      -542,18100     117,14200     554,69300     110160,00000  1861,69000    7802,65000    110452,00000 -0,25085       554,55400     0,00311       554,55400     0,00000       0,00000      -0,00000       0,00000      
               0,34538       0,78351      -492,86615     106,54000     504,25000     100152,00000  1693,15000    7092,81000    100418,00000 -0,24251       504,11700     0,00287       504,11700     0,00000       0,00000      -0,00000       0,00000      
               0,34940       0,69440      -436,88089     94,50110      446,98500     88790,50000   1501,78000    6286,95000    89025,50000  -0,23275       446,85700     0,00259       446,85700     0,00000       0,00000      -0,00000       0,00000      
               0,35341       0,65914      -414,73000     89,80690      424,34300     84309,20000   1427,11000    5968,24000    84532,20000  -0,22804       424,21700     0,00246       424,21700    -0,00000       0,00001      -0,00000       0,00001      
               0,35743       0,66653      -419,37100     90,94931      429,12000     85280,20000   1445,15000    6035,30000    85505,70000  -0,22742       428,99300     0,00243       428,99300    -0,00000      -0,00002       0,00000       0,00002      
               0,36144       0,66414      -417,85800     90,78110      427,60600     85004,50000   1442,36000    6013,81000    85229,20000  -0,22556       427,47900     0,00238       427,47900     0,00000       0,00001      -0,00000       0,00001      
               0,36546       0,66439      -418,00000     90,99800      427,79100     85070,10000   1445,67000    6016,21000    85294,80000  -0,22368       427,66500     0,00234       427,66500     0,00000       0,00001      -0,00000       0,00001      
               0,36948       0,66385      -417,64502     91,13070      427,47200     85038,30000   1447,62000    6011,48000    85262,80000  -0,22146       427,34600     0,00230       427,34600     0,00000       0,00001      -0,00000       0,00001      
               0,37349       0,66348      -417,38800     91,30850      427,25900     85030,10000   1450,27000    6008,22000    85254,40000  -0,21899       427,13300     0,00225       427,13269     0,00000       0,00000      -0,00000       0,00001      
               0,37751       0,66302      -417,06427     91,49420      426,98300     85011,30000   1453,03000    6004,05000    85235,50000  -0,21624       426,85600     0,00221       426,85600     0,00000       0,00000      -0,00000       0,00001      
               0,38152       0,66253      -416,72000     91,69690      426,69000     84990,80000   1456,04000    5999,62000    85214,70000  -0,21323       426,56308     0,00216       426,56300     0,00000       0,00000      -0,00000       0,00000      
               0,38554       0,66199      -416,34200     91,91280      426,36700     84965,40000   1459,25000    5994,77000    85189,10000  -0,20996       426,24100     0,00212       426,24100     0,00000       0,00000      -0,00000       0,00000      
               0,38956       0,66142      -415,93500     92,14150      426,01944     84935,20000   1462,65000    5989,54000    85158,60000  -0,20641       425,89300     0,00208       425,89300     0,00000       0,00000      -0,00000       0,00000      
               0,39357       0,66081      -415,49800     92,38150      425,64500     84899,30000   1466,22000    5983,92000    85122,60000  -0,20261       425,51800     0,00204       425,51825     0,00000       0,00000      -0,00000       0,00000      
               0,39759       0,66015      -415,03186     92,63150      425,24400     84857,20000   1469,94000    5977,94000    85080,20000  -0,19853       425,11700     0,00200       425,11700     0,00000      -0,00000      -0,00001       0,00001      
               0,40160       0,65946      -414,53600     92,89010      424,81700     84808,10000   1473,78000    5971,58000    85030,90000  -0,19420       424,69000     0,00196       424,69046     0,00000      -0,00000      -0,00001       0,00001      
               0,40562       0,65873      -414,01200     93,15590      424,36400     84751,30000   1477,72000    5964,85000    84973,80000  -0,18959       424,23700     0,00192       424,23700     0,00000      -0,00002      -0,00001       0,00002      
               0,40964       0,65796      -413,46000     93,42720      423,88500     84686,00000   1481,75000    5957,77000    84908,20000  -0,18472       423,75800     0,00189       423,75800     0,00000      -0,00003      -0,00003       0,00004      
               0,41365       0,65716      -412,88000     93,70230      423,38000     84611,30000   1485,83000    5950,33000    84833,30000  -0,17957       423,25300     0,00186       423,25300    -0,00000      -0,00007      -0,00005       0,00009      
               0,41767       0,65631      -412,27300     93,97960      422,85000     84526,50000   1489,94000    5942,56000    84748,30000  -0,17415       422,72300     0,00183       422,72300    -0,00000      -0,00022      -0,00012       0,00025      
               0,42168       0,65543      -411,63700     94,25670      422,29100     84430,30000   1494,04000    5934,41000    84651,80000  -0,16845       422,16500     0,00180       422,16500    -0,00000      -0,00088      -0,00038       0,00096      
               0,42570       0,65454      -410,98410     94,53440      421,71700     84324,10000   1498,15000    5926,07000    84545,30000  -0,16247       421,59000     0,00176       421,59000     0,00000      -0,00494       0,00014       0,00494      
               0,42972       0,65350      -410,26800     94,80000      421,07900     84197,50000   1502,05000    5916,87000    84418,50000  -0,15623       420,95300     0,00180       420,95300    -0,00018       0,00453       0,00330       0,00561      
               0,43373       0,65273      -409,66700     95,09220      420,55900     84085,70000   1506,40000    5909,36000    84306,50000  -0,14968       420,43200     0,00179       420,43200     0,00000       0,00106       0,00048       0,00116      
               0,43775       0,65110      -408,52000     95,25560      419,47900     83852,50000   1508,71000    5894,03000    84072,90000  -0,14270       419,35300     0,00179       419,35300    -0,00010       0,00027       0,00012       0,00031      
               0,44177       0,65247      -409,26600     95,85730      420,34200     83997,10000   1517,96000    5906,07000    84218,20000  -0,13586       420,21600     0,00180       420,21600    -0,00000       0,00012       0,00005       0,00013      
               0,44578       0,64266      -403,00600     94,80640      414,00800     82692,00000   1501,04000    5817,00000    82909,90000  -0,12692       413,88205     0,00178       413,88208    -0,00000       0,00005       0,00002       0,00005      
               0,44980       0,69917      -438,31400     103,55900     450,38200     89902,70000   1639,33000    6328,37000    90140,00000  -0,12932       450,25300     0,00196       450,25300    -0,00000       0,00002       0,00001       0,00003      
               0,45381       0,78300      -490,72600     116,42600     504,34900     100598,00000  1842,70000    7087,17000    100864,00000 -0,13736       504,21500     0,00221       504,21500     0,00000       0,00001       0,00001       0,00001      
               0,45783       0,86040      -539,10900     128,41100     554,19220     110436,00000  2032,07000    7788,16000    110729,00000 -0,14549       554,05300     0,00244       554,05300    -0,00000       0,00001       0,00000       0,00001      
               0,46185       0,93956      -588,58100     140,71700     605,16900     120460,00000  2226,46000    8505,29000    120781,00000 -0,15524       605,02500     0,00268       605,02500    -0,00000       0,00001       0,00000       0,00001      
               0,46586       1,01845      -637,88200     153,03100     655,98200     130406,00000  2420,96000    9220,37000    130754,00000 -0,16628       655,83300     0,00291       655,83300    -0,00000       0,00000       0,00000       0,00000      
               0,46988       1,09762      -687,35800     165,42276     706,98400     140338,00000  2616,67000    9938,40000    140713,00000 -0,17876       706,83100     0,00314       706,83100    -0,00000       0,00000       0,00000       0,00000      
               0,47389       1,17699      -736,95900     177,86800     758,12100     150240,00000  2813,20000    10658,70000   150644,00000 -0,19271       757,96300     0,00337       757,96300    -0,00000       0,00000       0,00000       0,00000      
               0,47791       1,25661      -786,73000     190,36300     809,43400     160117,00000  3010,52000    11381,80000   160549,00000 -0,20815       809,27200     0,00359       809,27200    -0,00000       0,00000       0,00000       0,00000      
               0,48192       1,33653      -836,69000     202,89900     860,94100     169968,00000  3208,49000    12108,00000   170429,00000 -0,22512       860,77400     0,00381       860,77400    -0,00000       0,00000       0,00000       0,00000      
               0,48594       1,41677      -886,87000     215,47000     912,67100     179795,00000  3407,02000    12837,90000   180285,00000 -0,24361       912,49900     0,00402       912,49900    -0,00000       0,00000       0,00000       0,00000      
               0,48996       1,49733      -937,26600     228,06300     964,61500     189594,00000  3605,90000    13571,20000   190113,00000 -0,26362       964,43800     0,00423       964,43800    -0,00000       0,00000       0,00000       0,00000      
               0,49397       1,57839      -987,99000     240,69200     1016,89000    199386,00000  3805,40000    14309,70000   199935,00000 -0,28515       1016,71000    0,00443       1016,71000   -0,00000       0,00000       0,00000       0,00000      
               0,49799       1,65946      -1038,74000    253,27400     1069,18000    209109,00000  4004,19000    15048,90000   209688,00000 -0,30812       1068,99000    0,00463       1068,99000   -0,00000       0,00000      -0,00000       0,00000      
               0,50201       1,74225      -1090,60000    266,06300     1122,59000    218981,00000  4206,28000    15804,50000   219591,00000 -0,33269       1122,40000    0,00482       1122,40000   -0,00000       0,00000      -0,00000       0,00000      
               0,50602       1,82122      -1140,10000    278,20400     1173,55000    228305,00000  4398,16000    16526,10000   228945,00000 -0,35806       1173,35000    0,00499       1173,35000   -0,00000       0,00000      -0,00000       0,00000      
               0,51004       1,91428      -1198,43000    292,42600     1233,59000    239328,00000  4622,99000    17376,10000   240003,00000 -0,38695       1233,39000    0,00518       1233,39000   -0,00000       0,00000      -0,00000       0,00000      
               0,51405       1,93448      -1211,15000    295,44500     1246,67000    241194,00000  4670,76000    17564,80000   241878,00000 -0,39817       1246,46000    0,00517       1246,46000   -0,00000       0,00000      -0,00000       0,00000      
               0,51807       1,93218      -1209,82000    294,96700     1245,26000    240252,00000  4663,29000    17549,60000   240937,00000 -0,40502       1245,06000    0,00511       1245,06000   -0,00000       0,00000      -0,00000       0,00000      
               0,52209       1,93451      -1211,42000    295,14100     1246,85000    239890,00000  4666,14000    17576,70000   240578,00000 -0,41269       1246,65000    0,00506       1246,65000   -0,00000       0,00000      -0,00000       0,00000      
               0,52610       1,93586      -1212,40000    295,11100     1247,80000    239408,00000  4665,83000    17594,80000   240099,00000 -0,41982       1247,60000    0,00500       1247,60000   -0,00000       0,00000      -0,00000       0,00000      
               0,53012       1,93734      -1213,48000    295,05800     1248,84000    238949,00000  4665,17000    17614,20000   239643,00000 -0,42677       1248,64000    0,00494       1248,64000   -0,00000       0,00000      -0,00000       0,00000      
               0,53413       1,93874      -1214,53000    294,95700     1249,84000    238492,00000  4663,77000    17632,90000   239188,00000 -0,43345       1249,64000    0,00488       1249,64000   -0,00000       0,00000      -0,00000       0,00000      
               0,53815       1,94011      -1215,57000    294,81700     1250,81000    238041,00000  4661,78000    17651,20000   238740,00000 -0,43988       1250,61000    0,00481       1250,61000   -0,00000       0,00000      -0,00000       0,00000      
               0,54217       1,94142      -1216,58000    294,64400     1251,75000    237599,00000  4659,28000    17669,10000   238301,00000 -0,44605       1251,55000    0,00474       1251,55000   -0,00000       0,00000      -0,00000       0,00000      
               0,54618       1,94268      -1217,57000    294,44300     1252,66000    237168,00000  4656,36000    17686,50000   237872,00000 -0,45195       1252,46000    0,00466       1252,46000   -0,00000       0,00000      -0,00000       0,00000      
               0,55020       1,94389      -1218,52000    294,22000     1253,54000    236749,00000  4653,10000    17703,40000   237455,00000 -0,45760       1253,34000    0,00458       1253,34000   -0,00000       0,00000      -0,00000       0,00000      
               0,55421       1,94504      -1219,45000    293,97995     1254,39000    236343,00000  4649,56000    17719,60000   237052,00000 -0,46298       1254,19000    0,00449       1254,19000   -0,00000       0,00000      -0,00000       0,00000      
               0,55823       1,94613      -1220,35000    293,72700     1255,20000    235954,00000  4645,83000    17735,30000   236665,00000 -0,46809       1255,00000    0,00441       1255,00000   -0,00000       0,00000      -0,00000       0,00000      
               0,56225       1,94716      -1221,21000    293,46600     1255,98000    235581,00000  4641,96000    17750,20000   236294,00000 -0,47292       1255,77000    0,00431       1255,77000   -0,00000       0,00000      -0,00000       0,00000      
               0,56626       1,94812      -1222,03000    293,20000     1256,71000    235227,00000  4638,02000    17764,40000   235942,00000 -0,47748       1256,51000    0,00421       1256,51000   -0,00000       0,00000      -0,00000       0,00000      
               0,57028       1,94901      -1222,81000    292,93500     1257,41000    234892,00000  4634,09000    17777,90000   235609,00000 -0,48174       1257,20000    0,00411       1257,20000   -0,00000       0,00000      -0,00000       0,00000      
               0,57429       1,94983      -1223,54000    292,67400     1258,06000    234577,00000  4630,20000    17790,50000   235296,00000 -0,48572       1257,86000    0,00400       1257,86000   -0,00000       0,00000      -0,00000       0,00000      
               0,57831       1,95058      -1224,23000    292,42000     1258,67000    234284,00000  4626,41000    17802,30000   235005,00000 -0,48940       1258,46000    0,00389       1258,46000   -0,00000       0,00000      -0,00000       0,00000      
               0,58233       1,95125      -1224,86000    292,17800     1259,23000    234014,00000  4622,79000    17813,30000   234737,00000 -0,49278       1259,03000    0,00378       1259,03000   -0,00000       0,00000      -0,00000       0,00000      
               0,58634       1,95183      -1225,44000    291,94800     1259,74000    233766,00000  4619,35000    17823,20000   234490,00000 -0,49585       1259,54000    0,00366       1259,54000   -0,00000       0,00000      -0,00000       0,00000      
               0,59036       1,95235      -1225,98000    291,73900     1260,22000    233546,00000  4616,21000    17832,40000   234271,00000 -0,49861       1260,01000    0,00353       1260,01000   -0,00000       0,00000      -0,00000       0,00000      
               0,59437       1,95269      -1226,41000    291,53400     1260,58000    233339,00000  4613,13000    17839,80000   234065,00000 -0,50105       1260,38000    0,00341       1260,38000   -0,00000       0,00000      -0,00000       0,00000      
               0,59839       1,95328      -1226,98000    291,40033     1261,11000    233197,00000  4611,14000    17849,20000   233924,00000 -0,50323       1260,91000    0,00328       1260,91000   -0,00000       0,00000      -0,00000       0,00000      
               0,60241       1,95261      -1226,76000    291,11500     1260,83000    232940,00000  4606,72000    17846,80000   233668,00000 -0,50484       1260,63000    0,00314       1260,63000   -0,00000       0,00000      -0,00000       0,00000      
               0,60642       1,95603      -1229,10000    291,47700     1263,19000    233208,00000  4612,53000    17881,60000   233938,00000 -0,50705       1262,99000    0,00301       1262,99000   -0,00000       0,00000      -0,00000       0,00000      
               0,61044       1,87679      -1179,48000    279,56500     1212,16000    223658,00000  4424,08000    17160,10000   224359,00000 -0,48391       1211,96000    0,00280       1211,96000   -0,00000       0,00000      -0,00000       0,00000      
               0,61445       1,79240      -1126,59000    266,92700     1157,78000    213534,00000  4224,11000    16390,90000   214203,00000 -0,45925       1157,59000    0,00259       1157,59000   -0,00000       0,00000      -0,00000       0,00000      
               0,61847       1,70940      -1074,56000    254,53100     1104,30000    203606,00000  4027,94000    15634,10000   204245,00000 -0,43456       1104,11000    0,00241       1104,11000   -0,00000       0,00000      -0,00000       0,00000      
               0,62249       1,62614      -1022,36000    242,12200     1050,64000    193671,00000  3831,56000    14874,60000   194279,00000 -0,40957       1050,46000    0,00224       1050,46000   -0,00000       0,00000      -0,00000       0,00000      
               0,62650       1,54309      -970,26500     229,76200     997,09900     183777,00000  3635,94000    14116,60000   184354,00000 -0,38447       996,92000     0,00208       996,92100    -0,00000       0,00000      -0,00000       0,00000      
               0,63052       1,46015      -918,22300     217,43000     943,61600     173907,00000  3440,74000    13359,30000   174453,00000 -0,35928       943,44200     0,00194       943,44200    -0,00000       0,00000      -0,00000       0,00000      
               0,63453       1,37737      -866,26000     205,12500     890,21700     164060,00000  3246,00000    12603,10000   164576,00000 -0,33407       890,04800     0,00181       890,04800    -0,00000       0,00000      -0,00000       0,00000      
               0,63855       1,29473      -814,38100     192,84500     836,90300     154233,00000  3051,63000    11848,20000   154718,00000 -0,30885       836,73900     0,00170       836,73900    -0,00000       0,00000      -0,00000       0,00000      
